0 0.070984 0.151144 0.026207 0.021996
1 0.062217 0.143037 0.007919 0.003771
1 0.076263 0.142911 0.013763 0.006285
1 0.067496 0.155732 0.013952 0.012318
0 0.086727 0.288524 0.067873 0.052413
1 0.110294 0.271556 0.020362 0.010935
1 0.080600 0.268037 0.020173 0.010684
1 0.072775 0.305241 0.037330 0.018225
0 0.096531 0.571204 0.022247 0.008924
1 0.101904 0.572021 0.011501 0.002514
1 0.090403 0.572964 0.009992 0.004651
0 0.524793 0.289656 0.022813 0.023504
1 0.528563 0.296380 0.015649 0.010307
1 0.519985 0.283308 0.013575 0.010809
0 0.754054 0.157554 0.113688 0.075038
1 0.786011 0.133358 0.049020 0.026395
1 0.793741 0.153218 0.020739 0.012569
1 0.724925 0.180681 0.054299 0.029035
0 0.972019 0.413602 0.018230 0.019078
1 0.967886 0.414061 0.010387 0.009963
1 0.974616 0.420067 0.009857 0.006571
1 0.976100 0.408338 0.010917 0.010246
0 0.951534 0.145335 0.026367 0.013888
1 0.958235 0.149462 0.012674 0.005244
1 0.943813 0.147617 0.011800 0.005827