0 0.540180 0.091593 0.077175 0.055189
1 0.565756 0.088303 0.015704 0.010619
1 0.557231 0.071327 0.030062 0.015854
1 0.522457 0.104231 0.040831 0.027520
0 0.731548 0.342113 0.045767 0.034250
1 0.725378 0.331494 0.010993 0.011816
1 0.738390 0.346076 0.031633 0.023631
1 0.715619 0.344655 0.014358 0.011516
0 0.544892 0.344506 0.086149 0.040831
1 0.565419 0.340243 0.045094 0.033203
1 0.514381 0.354601 0.023332 0.020042
0 0.361111 0.634532 0.040850 0.033043
1 0.357979 0.623820 0.015523 0.009804
1 0.347903 0.636619 0.014978 0.011801
1 0.365605 0.639615 0.028595 0.023602