1 0.106838 0.011086 0.015936 0.011548
1 0.095060 0.004042 0.019400 0.008083
0 0.490335 0.156239 0.050579 0.038107
1 0.496051 0.168249 0.017668 0.012702
1 0.497956 0.149542 0.032564 0.022864
1 0.476997 0.154969 0.019746 0.012471
0 0.752408 0.161782 0.099425 0.065359
1 0.727984 0.178295 0.048500 0.034181
1 0.759683 0.171828 0.014204 0.012933
1 0.744267 0.154969 0.018014 0.014319
1 0.776658 0.146886 0.050232 0.035105
0 0.951777 0.152313 0.036029 0.009469
1 0.962343 0.152659 0.014896 0.008776
1 0.944329 0.152544 0.016282 0.009007