0 0.071006 0.639536 0.139319 0.075979
1 0.072464 0.649183 0.017050 0.012713
1 0.094225 0.630038 0.019742 0.013311
1 0.111724 0.659353 0.057433 0.035447
1 0.025800 0.624729 0.048459 0.046365
0 0.788015 0.582776 0.060349 0.050702
1 0.807309 0.563931 0.017275 0.012115
1 0.789698 0.571110 0.016153 0.011816
1 0.807421 0.580907 0.019294 0.012264
1 0.783304 0.593320 0.050478 0.030212
0 0.346502 0.763898 0.067977 0.063565
1 0.363104 0.742286 0.032979 0.021238
1 0.338426 0.754476 0.016826 0.010918
1 0.367479 0.760084 0.018396 0.009273
1 0.337977 0.781173 0.050927 0.029913