0 0.328963 0.984024 0.106925 0.031951
1 0.308641 0.974507 0.021123 0.012722
1 0.285188 0.994416 0.019957 0.011168
0 0.264502 0.708893 0.040935 0.025542
1 0.253066 0.717633 0.019520 0.007090
1 0.276739 0.708505 0.016753 0.010586
1 0.258311 0.701464 0.017481 0.010489
0 0.258311 0.569822 0.024765 0.017578
1 0.263846 0.565549 0.013985 0.009420
1 0.252921 0.573464 0.015733 0.011460
0 0.485564 0.556954 0.114209 0.029329
1 0.457157 0.565986 0.014276 0.008740
1 0.439166 0.552438 0.020832 0.009615
1 0.521327 0.553555 0.043848 0.021560
0 0.658026 0.542524 0.026665 0.028603
1 0.652913 0.550209 0.016841 0.012965
1 0.659730 0.534304 0.014836 0.011628
0 0.722683 0.695497 0.025663 0.018311
1 0.728297 0.689750 0.015237 0.007886
1 0.715867 0.699574 0.012831 0.010158
0 0.490918 0.812249 0.062152 0.030207
1 0.472172 0.802692 0.017844 0.010559
1 0.469465 0.821070 0.018044 0.012297
1 0.508962 0.811179 0.026866 0.018178
1 0.511267 0.992087 0.029472 0.015638
