0 0.093400 0.555556 0.043192 0.027271
1 0.096028 0.547176 0.012341 0.009903
1 0.104369 0.555556 0.018054 0.008989
1 0.081745 0.562031 0.018511 0.012493
0 0.103341 0.843503 0.019654 0.011122
1 0.097971 0.846321 0.008913 0.006094
1 0.107340 0.840837 0.011198 0.005485
0 0.970108 0.980431 0.051278 0.027872
1 0.959036 0.973633 0.029718 0.013499
1 0.957361 0.988055 0.019666 0.013014
1 0.984894 0.983879 0.020249 0.012042
0 0.981849 0.676553 0.036302 0.047102
1 0.972802 0.676747 0.019083 0.011751
1 0.977246 0.693597 0.015150 0.010683
1 0.995397 0.693014 0.009207 0.014762
1 0.998747 0.663685 0.002506 0.021560