0 0.190863 0.567064 0.127611 0.078664
1 0.242359 0.551622 0.025493 0.013208
1 0.244035 0.537686 0.022434 0.012140
1 0.201789 0.533947 0.022434 0.012819
1 0.221382 0.595568 0.064534 0.021074
1 0.159689 0.579106 0.063806 0.026804
0 0.269892 0.427799 0.020540 0.019229
1 0.266614 0.422846 0.013985 0.008740
1 0.272296 0.433043 0.014276 0.008352
0 0.293491 0.270033 0.050549 0.028455
1 0.306529 0.276491 0.023599 0.014373
1 0.276593 0.272655 0.017627 0.007090
1 0.289121 0.260758 0.012674 0.009906
0 0.242068 0.146355 0.040061 0.022337
1 0.253285 0.140722 0.016461 0.010489
1 0.241704 0.151648 0.013693 0.009226
1 0.229176 0.141547 0.015442 0.010780
0 0.328963 0.015976 0.106925 0.031951
1 0.285188 0.000437 0.019957 0.000874
1 0.359919 0.018306 0.044722 0.024182
0 0.505854 0.004297 0.053130 0.008594
1 0.516480 0.002760 0.019447 0.005520
1 0.488712 0.004451 0.018445 0.008822
0 0.495629 0.256666 0.055536 0.038494
1 0.473375 0.251253 0.009824 0.006015
1 0.484201 0.241295 0.012631 0.008020
1 0.508160 0.267560 0.030073 0.018311
0 0.521793 0.467314 0.112675 0.077790
1 0.557681 0.496652 0.039296 0.018044
1 0.513774 0.434634 0.018846 0.013232
1 0.484602 0.455418 0.039496 0.020316
0 0.461145 0.597832 0.069971 0.054934
1 0.482798 0.576781 0.016641 0.012297
1 0.484001 0.593154 0.019447 0.009223
1 0.445307 0.616077 0.037091 0.018178
0 0.747143 0.547977 0.046513 0.008421
1 0.758872 0.549715 0.022254 0.006282
1 0.733410 0.547843 0.019447 0.007619
0 0.721079 0.281995 0.064157 0.081131
1 0.733710 0.313873 0.038093 0.020316
1 0.738823 0.258270 0.020650 0.010425
1 0.732407 0.248513 0.015037 0.014435
1 0.700930 0.255864 0.022655 0.009089
0 0.767192 0.148402 0.152773 0.060147
1 0.718072 0.144660 0.019247 0.006950
1 0.702334 0.130692 0.024259 0.011361
1 0.728899 0.168384 0.040499 0.018579
1 0.820823 0.133633 0.045511 0.030073