0 0.546615 0.489442 0.068442 0.058919
1 0.563982 0.468958 0.032885 0.018772
1 0.553809 0.505474 0.017470 0.010414
1 0.522979 0.512599 0.019115 0.011784
0 0.172956 0.648456 0.093929 0.063989
1 0.198853 0.628451 0.043779 0.026445
1 0.135549 0.652430 0.018703 0.011099
1 0.164015 0.671271 0.019320 0.018635
0 0.541935 0.956016 0.028795 0.039917
1 0.546049 0.955863 0.019196 0.009141
1 0.543649 0.968128 0.020339 0.016302
1 0.546392 0.942532 0.013940 0.010512
0 0.130925 0.950607 0.050048 0.043725
1 0.139380 0.938190 0.029937 0.017673
1 0.146579 0.959291 0.020111 0.011731
1 0.115727 0.966071 0.020111 0.013102