0 0.237488 0.120786 0.036108 0.027881
1 0.247658 0.111797 0.017597 0.009598
1 0.226747 0.112787 0.015540 0.010055
1 0.237374 0.127641 0.016226 0.013864
0 0.031926 0.248305 0.046392 0.032756
1 0.045295 0.247239 0.020568 0.013864
1 0.017757 0.239088 0.016683 0.012798
1 0.018557 0.258208 0.015540 0.012950
0 0.258970 0.255161 0.053476 0.048296
1 0.258513 0.268035 0.036565 0.021939
1 0.240916 0.236955 0.020568 0.010665
1 0.273938 0.239392 0.022624 0.010360
0 0.689520 0.259884 0.024224 0.025748
1 0.694890 0.266207 0.013026 0.012493
1 0.688834 0.251885 0.013712 0.011579
0 0.931911 0.125843 0.136178 0.094076
1 0.951653 0.128685 0.020864 0.012713
1 0.931687 0.102736 0.019967 0.016452
1 0.986427 0.095781 0.027146 0.033951
1 0.893323 0.154859 0.058106 0.034250
0 0.071985 0.562205 0.095120 0.081578
1 0.096799 0.590668 0.044033 0.024652
1 0.049725 0.528795 0.015570 0.015407
1 0.067119 0.534229 0.018732 0.014596
1 0.036345 0.550852 0.022381 0.011515
0 0.251885 0.535202 0.025787 0.006812
