0 0.903172 0.200999 0.042626 0.024528
1 0.914726 0.207131 0.019967 0.011965
1 0.912034 0.194717 0.019069 0.011367
1 0.893638 0.206383 0.020864 0.010769
0 0.680172 0.228369 0.105443 0.043074
1 0.710908 0.213338 0.021986 0.011816
1 0.721003 0.232707 0.022883 0.012264
1 0.651007 0.234501 0.045767 0.029315
0 0.706645 0.651561 0.039934 0.016003
1 0.717414 0.649093 0.017948 0.009572
1 0.695764 0.655075 0.016826 0.008076
0 0.913829 0.792973 0.047337 0.033502
1 0.929309 0.780410 0.015031 0.008675
1 0.928636 0.796563 0.013685 0.009871
1 0.903172 0.799180 0.026922 0.020789