0 0.767174 0.063924 0.126531 0.058779
1 0.820792 0.053679 0.020191 0.037092
1 0.775699 0.063325 0.018396 0.016302
1 0.762350 0.080376 0.030735 0.025276
1 0.719388 0.053679 0.021089 0.015555
1 0.715798 0.080151 0.022883 0.013461
0 0.722304 0.641241 0.033203 0.007030
1 0.725670 0.640493 0.005833 0.004936
1 0.733858 0.642587 0.011890 0.004936
0 0.514448 0.639296 0.081886 0.024379
1 0.542828 0.636604 0.024678 0.018995
1 0.503455 0.647522 0.015031 0.007927
1 0.482815 0.635782 0.019069 0.008675
0 0.279109 0.782354 0.024005 0.030212
1 0.273725 0.772109 0.014582 0.010320
1 0.283484 0.790281 0.015704 0.014657