0 0.469652 0.104098 0.063065 0.045531
1 0.455469 0.101436 0.014320 0.014137
1 0.476812 0.095836 0.047643 0.029008
1 0.461115 0.120438 0.017900 0.013586
1 0.447896 0.108045 0.016799 0.007527
0 0.751475 0.266567 0.041531 0.010137
1 0.739220 0.267323 0.021106 0.011650
1 0.762255 0.266037 0.019517 0.009380
0 0.403232 0.358857 0.018155 0.019820
1 0.400622 0.353788 0.013390 0.009380
1 0.405047 0.364001 0.013617 0.010137
0 0.319376 0.472101 0.060594 0.037219
1 0.319376 0.472101 0.060594 0.037219
0 0.373048 0.503949 0.051743 0.027082
1 0.373048 0.503949 0.051743 0.027082