0 0.507587 0.002689 0.126377 0.005378
0 0.457768 0.253409 0.058732 0.028642
1 0.437429 0.258284 0.017140 0.008227
1 0.448855 0.244801 0.011198 0.010512
1 0.478792 0.258437 0.017140 0.018282
0 0.661502 0.241373 0.079528 0.034127
1 0.691439 0.248457 0.020568 0.021482
1 0.630536 0.236422 0.015769 0.010208
1 0.643105 0.228652 0.012569 0.008684
0 0.888889 0.269939 0.079985 0.089736
1 0.920997 0.232689 0.014397 0.015845
1 0.895631 0.247619 0.017140 0.009751
1 0.861123 0.243125 0.022167 0.011122
1 0.905686 0.301933 0.037707 0.025748
0 0.680927 0.450097 0.121121 0.090802
1 0.668244 0.422368 0.013940 0.012798
1 0.631565 0.435395 0.021939 0.008684
1 0.723662 0.418103 0.025595 0.027119
1 0.728804 0.482319 0.029023 0.026966
0 0.391194 0.552740 0.103472 0.080835
1 0.396380 0.528375 0.019015 0.012018
1 0.354892 0.518332 0.020497 0.012677
1 0.411073 0.538335 0.062725 0.016134
1 0.379464 0.570685 0.080506 0.044616
0 0.643577 0.591100 0.052600 0.066347
1 0.634563 0.564182 0.013829 0.012512
1 0.657159 0.575954 0.027411 0.013665
1 0.632958 0.580399 0.016052 0.006421
1 0.643577 0.610856 0.015558 0.026835
0 0.905467 0.533972 0.029634 0.010701
1 0.913246 0.532902 0.018027 0.009549
1 0.897195 0.534878 0.012594 0.008232
