0 0.431023 0.555350 0.028158 0.019183
1 0.439039 0.550349 0.011715 0.009180
1 0.429276 0.559529 0.013154 0.010825
0 0.659267 0.538702 0.121676 0.044532
1 0.635117 0.554322 0.025692 0.015483
1 0.609323 0.537195 0.022609 0.008632
1 0.705923 0.529042 0.027952 0.024664
0 0.845275 0.529590 0.058371 0.029049
1 0.826674 0.537743 0.015004 0.012469
1 0.832429 0.520683 0.014593 0.010962
1 0.867986 0.527672 0.013360 0.016169
0 0.892958 0.681273 0.031652 0.023020
1 0.903132 0.674422 0.010893 0.009043
1 0.896041 0.687302 0.008632 0.011236
0 0.438114 0.692372 0.032474 0.028501
1 0.446541 0.698058 0.014387 0.016306
1 0.447671 0.688330 0.012538 0.004796
1 0.429790 0.682986 0.019526 0.012195
0 0.669043 0.798026 0.072672 0.030471
1 0.694524 0.793531 0.021253 0.020568
1 0.641734 0.787665 0.018054 0.009141
1 0.640820 0.807700 0.015769 0.012036
0 0.680356 0.976355 0.070616 0.039764
1 0.706179 0.965766 0.018054 0.018892
1 0.677270 0.985191 0.020111 0.009598
1 0.654532 0.991590 0.017597 0.008989
0 0.507587 0.976789 0.126377 0.046422
1 0.484506 0.960967 0.013940 0.012341
1 0.479364 0.960739 0.020111 0.012188
1 0.454111 0.981687 0.018054 0.014474
1 0.553407 0.988673 0.035194 0.022655