0 0.827254 0.057567 0.072688 0.026024
1 0.848006 0.053005 0.031633 0.016901
1 0.820860 0.066391 0.016826 0.008974
1 0.798762 0.054352 0.015256 0.010021
0 0.160721 0.218573 0.127877 0.042626
1 0.194822 0.212964 0.058779 0.029913
1 0.132117 0.211469 0.019069 0.013162
1 0.141428 0.233754 0.019742 0.012264
1 0.114394 0.226649 0.034325 0.021986
0 0.790236 0.505212 0.081213 0.060723
1 0.805716 0.489134 0.049356 0.029165
1 0.789788 0.526450 0.021537 0.018247
1 0.760286 0.508428 0.020864 0.009423
0 0.788554 0.653580 0.037466 0.026922
1 0.802015 0.648644 0.011890 0.011068
1 0.777785 0.661806 0.016377 0.010469
1 0.785301 0.648794 0.026922 0.017649
0 0.555571 0.637801 0.046215 0.016302
1 0.568583 0.635632 0.020191 0.011068
1 0.543119 0.639820 0.018621 0.009871
0 0.189213 0.610057 0.038588 0.054441
1 0.190335 0.588669 0.017050 0.011367
1 0.199197 0.606916 0.018621 0.011068
1 0.185848 0.625088 0.030511 0.024678
0 0.784964 0.775699 0.076053 0.040831
1 0.809979 0.789085 0.023781 0.014358
1 0.803361 0.776746 0.019069 0.009423
1 0.771279 0.773306 0.047786 0.034250
0 0.141417 0.500802 0.058269 0.030090
1 0.155845 0.507338 0.029412 0.017758
1 0.148354 0.491614 0.019978 0.010729
1 0.122087 0.498150 0.018498 0.008756
0 0.577080 0.496786 0.030259 0.027435
1 0.569212 0.494029 0.015331 0.013583
1 0.573045 0.504989 0.014928 0.011028
1 0.584140 0.488851 0.015735 0.012373