0 0.955634 0.126456 0.012676 0.026675
1 0.954225 0.119596 0.010563 0.011432
1 0.956338 0.133125 0.010563 0.012575
0 0.170775 0.154274 0.024648 0.025151
1 0.176232 0.148558 0.013028 0.012194
1 0.165845 0.160181 0.014789 0.014862
0 0.024344 0.412351 0.013842 0.021697
1 0.022673 0.406281 0.010979 0.010073
1 0.024105 0.418162 0.011933 0.010590
0 0.061217 0.764018 0.027446 0.026604
1 0.066110 0.773058 0.017184 0.011107
1 0.054654 0.758464 0.014797 0.016014
0 0.992243 0.754461 0.015513 0.016789
1 0.991169 0.757044 0.011456 0.010590
