0 0.794574 0.144057 0.028682 0.039850
1 0.785465 0.150559 0.011240 0.021813
1 0.799225 0.156012 0.016279 0.019296
1 0.794380 0.135038 0.016667 0.020974
0 0.934109 0.171323 0.033333 0.023910
1 0.933915 0.178034 0.012791 0.011326
1 0.943217 0.167338 0.016667 0.014262
1 0.925775 0.166289 0.019767 0.015521
0 0.767636 0.361975 0.047674 0.049498
1 0.760465 0.378125 0.018605 0.023071
1 0.780039 0.366170 0.020543 0.020974
1 0.760659 0.353795 0.035271 0.030622
0 0.749612 0.602755 0.015504 0.031880
1 0.751550 0.594785 0.013953 0.015101
1 0.747093 0.609886 0.013566 0.019296
0 0.731395 0.780613 0.032558 0.029363
1 0.724031 0.785437 0.015504 0.018038
1 0.737403 0.775580 0.018217 0.016779
0 0.929070 0.991610 0.022481 0.016779
1 0.932946 0.995386 0.012403 0.009228
1 0.921705 0.989094 0.012403 0.011745