0 0.459111 0.356838 0.034056 0.038970
1 0.467462 0.366463 0.016052 0.019720
1 0.452013 0.343430 0.016052 0.016954
0 0.456892 0.576752 0.047838 0.052065
1 0.444730 0.561835 0.018108 0.018720
1 0.448514 0.587867 0.020811 0.023400
1 0.467297 0.578215 0.020000 0.019890
0 0.848886 0.995661 0.043430 0.008677
1 0.837198 0.995664 0.020490 0.008672
0 0.640757 0.984333 0.026281 0.020729
1 0.633519 0.979030 0.010022 0.008677
1 0.640091 0.989153 0.010241 0.011088
1 0.647891 0.981081 0.010241 0.009887
0 0.460690 0.995420 0.032739 0.009159
1 0.455902 0.995300 0.020045 0.009400