0 0.974610 0.048569 0.017372 0.017596
1 0.968931 0.043386 0.008686 0.006749
1 0.970824 0.053751 0.007127 0.006267
1 0.980178 0.048930 0.008018 0.006267
0 0.848886 0.017837 0.043430 0.035673
1 0.845880 0.026514 0.020490 0.020247
1 0.858800 0.012416 0.020040 0.023376
1 0.837198 0.005787 0.020490 0.011575
0 0.460690 0.016631 0.032739 0.033263
1 0.455902 0.005062 0.020045 0.010124
1 0.465367 0.024224 0.023385 0.017596
0 0.897327 0.578004 0.023163 0.031817
1 0.893318 0.568845 0.016036 0.015908
1 0.901786 0.586445 0.016036 0.015908
0 0.655679 0.869537 0.017817 0.027719
1 0.653675 0.861583 0.015590 0.011811
1 0.657018 0.875324 0.014258 0.015672