0 0.565310 0.349391 0.037597 0.041948
1 0.578488 0.342889 0.012791 0.009648
1 0.558527 0.338694 0.020930 0.018038
1 0.571318 0.359878 0.018605 0.016779
0 0.575000 0.572972 0.056977 0.052854
1 0.560853 0.586396 0.020930 0.020974
1 0.556977 0.556613 0.020930 0.022652
1 0.585659 0.579684 0.036434 0.036914
0 0.971318 0.995595 0.055814 0.008809
1 0.951550 0.994547 0.018605 0.010906
0 0.575194 0.995386 0.041085 0.009228
1 0.572481 0.995595 0.020155 0.008809
0 0.755426 0.979236 0.025581 0.022232
1 0.762016 0.975880 0.013953 0.014682
1 0.751550 0.985738 0.013953 0.009228
1 0.746705 0.974202 0.012016 0.009648