0 0.971318 0.016360 0.055814 0.032719
1 0.962016 0.022023 0.018605 0.018876
1 0.981202 0.011955 0.033721 0.023910
1 0.951550 0.003775 0.018605 0.007551
0 0.575194 0.014891 0.041085 0.029783
1 0.583527 0.022652 0.020543 0.015940
1 0.572481 0.004824 0.020155 0.009648
1 0.562791 0.013423 0.015504 0.014262
0 0.968023 0.423043 0.032946 0.019715
1 0.976163 0.420316 0.015891 0.013423
1 0.959884 0.428076 0.016667 0.010487
0 0.777519 0.860557 0.025581 0.028944
1 0.770930 0.862235 0.012403 0.010487
1 0.779845 0.853636 0.013953 0.010906
1 0.782946 0.868737 0.014729 0.013423