0 0.341000 0.117965 0.052667 0.049784
1 0.334333 0.129870 0.031333 0.033189
1 0.359000 0.128066 0.019333 0.010823
1 0.346333 0.108225 0.012667 0.021645
0 0.838182 0.677227 0.029091 0.026892
1 0.839697 0.667716 0.022424 0.019677
1 0.830303 0.679850 0.014545 0.017710
0 0.397788 0.447745 0.038053 0.037352
1 0.403097 0.443436 0.023894 0.040225
1 0.388496 0.455886 0.017699 0.021070
0 0.854276 0.908151 0.048026 0.037736
1 0.864803 0.896047 0.017763 0.013528
1 0.870066 0.915271 0.016447 0.019224
1 0.842105 0.909575 0.031579 0.037736