0 0.367054 0.421575 0.017829 0.024330
1 0.364729 0.428915 0.013178 0.008809
1 0.369574 0.418009 0.013566 0.014682
0 0.552519 0.435208 0.043798 0.041528
1 0.543992 0.441500 0.025194 0.016360
1 0.553488 0.425560 0.025581 0.023910
1 0.565698 0.448211 0.021318 0.014682
0 0.566085 0.659838 0.028295 0.021813
1 0.572093 0.655853 0.013953 0.013004
1 0.560465 0.663403 0.016279 0.014682
0 0.569767 0.837906 0.043411 0.037333
1 0.578682 0.846295 0.017829 0.013004
1 0.562597 0.849861 0.018217 0.013423
1 0.557946 0.831194 0.018992 0.026427
0 0.358527 0.627957 0.020155 0.016779
1 0.352326 0.630684 0.007752 0.007131
1 0.362791 0.632152 0.010853 0.009228
0 0.019961 0.570908 0.025969 0.035236
1 0.016860 0.561260 0.017442 0.015101
1 0.023837 0.580347 0.018217 0.016360