0 0.338147 0.010804 0.017672 0.021608
1 0.340733 0.013444 0.013362 0.018193
1 0.334914 0.003573 0.012931 0.007147
0 0.339871 0.365642 0.016810 0.032188
1 0.339009 0.374739 0.015086 0.016794
1 0.342672 0.356779 0.013793 0.017260
0 0.354957 0.196774 0.032328 0.033121
1 0.364009 0.203305 0.014224 0.018193
1 0.348491 0.200272 0.018534 0.015861
1 0.360560 0.188843 0.015948 0.015394
0 0.333836 0.601452 0.053879 0.056911
1 0.342026 0.614047 0.036638 0.036386
1 0.333405 0.581393 0.020259 0.019592
1 0.314440 0.589790 0.016810 0.014928
0 0.310991 0.801342 0.034914 0.038718
1 0.304741 0.813704 0.012931 0.016794
1 0.319612 0.799242 0.022845 0.028922
1 0.300647 0.792712 0.012500 0.017727
0 0.177371 0.783382 0.028879 0.026123
1 0.184483 0.787114 0.017241 0.013995
1 0.177586 0.776618 0.013793 0.013528
1 0.167672 0.787347 0.014655 0.013528