0 0.5478515625 0.5625 0.3525390625 0.451171875
0 0.8662109375 0.1728515625 0.267578125 0.341796875
0 0.5498046875 0.1689453125 0.36328125 0.3369140625
0 0.197265625 0.162109375 0.35546875 0.32421875
0 0.197265625 0.55859375 0.34765625 0.4638671875
1 0.572266 0.959961 0.121094 0.080078
1 0.812500 0.955078 0.089844 0.089844
1 0.273438 0.885742 0.242188 0.228516
1 0.911133 0.638672 0.177734 0.183594
1 0.306641 0.653320 0.140625 0.212891
1 0.152344 0.512695 0.175781 0.201172
1 0.605469 0.076172 0.156250 0.152344
