0 0.55078125 0.5751953125 0.3505859375 0.478515625
0 0.8642578125 0.1689453125 0.271484375 0.333984375
0 0.5546875 0.166015625 0.3515625 0.33203125
0 0.203125 0.1650390625 0.3515625 0.3271484375
0 0.197265625 0.5625 0.3388671875 0.4599609375
1 0.265625 0.705078 0.101562 0.105469
1 0.447266 0.706055 0.152344 0.224609
1 0.622070 0.623047 0.126953 0.199219
1 0.263672 0.574219 0.105469 0.109375
1 0.951172 0.462891 0.097656 0.175781
1 0.577148 0.208008 0.158203 0.189453
1 0.171875 0.126953 0.179688 0.179688
