0 0.5595703125 0.5205078125 0.3310546875 0.4716796875
0 0.865234375 0.521484375 0.26953125 0.4716796875
0 0.55859375 0.1455078125 0.3408203125 0.2900390625
0 0.203125 0.5205078125 0.3681640625 0.466796875
1 0.926758 0.967773 0.146484 0.064453
1 0.209961 0.921875 0.357422 0.156250
1 0.454102 0.895508 0.177734 0.208984
1 0.123047 0.604492 0.187500 0.185547
1 0.073242 0.418945 0.146484 0.166016
1 0.665039 0.250000 0.173828 0.183594
1 0.930664 0.086914 0.138672 0.173828
1 0.565430 0.078125 0.150391 0.156250
1 0.104492 0.063477 0.119141 0.126953
