0 0.5517578125 0.556640625 0.35546875 0.47265625
0 0.1943359375 0.5537109375 0.3515625 0.46875
0 0.1923828125 0.1611328125 0.3486328125 0.3076171875
0 0.5458984375 0.1611328125 0.3544921875 0.314453125
0 0.861328125 0.173828125 0.27734375 0.34765625
1 0.937500 0.955078 0.125000 0.089844
1 0.111328 0.928711 0.175781 0.142578
1 0.957031 0.651367 0.085938 0.220703
1 0.063477 0.561523 0.126953 0.134766
1 0.213867 0.548828 0.154297 0.214844
1 0.753906 0.434570 0.199219 0.251953
1 0.195312 0.144531 0.132812 0.207031
1 0.886719 0.065430 0.160156 0.130859
1 0.050781 0.050781 0.101562 0.101562
