0 0.197265625 0.154296875 0.357421875 0.3076171875
0 0.5517578125 0.158203125 0.3544921875 0.314453125
0 0.865234375 0.15625 0.26953125 0.306640625
0 0.8671875 0.55078125 0.265625 0.4794921875
0 0.5556640625 0.55078125 0.3662109375 0.4833984375
0 0.197265625 0.5439453125 0.3623046875 0.486328125
1 0.671875 0.883789 0.253906 0.232422
1 0.201172 0.660156 0.261719 0.187500
1 0.702148 0.644531 0.150391 0.210938
1 0.546875 0.502930 0.167969 0.201172
1 0.907227 0.430664 0.162109 0.193359
1 0.270508 0.142578 0.134766 0.179688
1 0.953125 0.072266 0.093750 0.144531
1 0.121094 0.034180 0.140625 0.068359
