0 0.55078125 0.5166015625 0.3310546875 0.4638671875
0 0.859375 0.51953125 0.28125 0.4638671875
0 0.55078125 0.8740234375 0.33984375 0.251953125
0 0.2060546875 0.5048828125 0.3515625 0.4853515625
0 0.5517578125 0.138671875 0.341796875 0.2763671875
1 0.455078 0.942383 0.359375 0.115234
1 0.087891 0.892578 0.175781 0.214844
1 0.134766 0.569336 0.210938 0.236328
1 0.257812 0.338867 0.167969 0.212891
1 0.590820 0.250000 0.169922 0.214844
1 0.670898 0.060547 0.248047 0.121094
1 0.118164 0.076172 0.173828 0.152344
