0 0.489433 0.107567 0.142380 0.082552
0 0.790879 0.114447 0.149055 0.055034
0 0.790323 0.255785 0.103448 0.057536
0 0.478865 0.264228 0.125695 0.070669
0 0.531702 0.423702 0.084538 0.096936
0 0.787542 0.427142 0.077864 0.097561
0 0.783092 0.574422 0.115684 0.056911
0 0.491101 0.574734 0.119021 0.065041
0 0.427697 0.697936 0.183537 0.068793
0 0.529477 0.709506 0.111235 0.056911
0 0.787542 0.722014 0.077864 0.063164
0 0.525028 0.870231 0.093437 0.058161
0 0.814238 0.888680 0.135706 0.092558
1 0.468298 0.104440 0.206897 0.105066
1 0.791435 0.112883 0.065628 0.043152
1 0.845940 0.113196 0.038932 0.040025
1 0.790323 0.114134 0.154616 0.059412
1 0.531146 0.125704 0.061179 0.056285
1 0.897108 0.227642 0.205784 0.090056
1 0.460512 0.251720 0.086763 0.044403
1 0.507786 0.255472 0.030033 0.015635
1 0.466073 0.259850 0.080089 0.028143
1 0.524472 0.281113 0.038932 0.033146
1 0.768632 0.418074 0.117909 0.096936
1 0.555617 0.422764 0.036707 0.093809
1 0.531702 0.423702 0.084538 0.096936
1 0.512792 0.424328 0.035595 0.025641
1 0.118465 0.424953 0.076752 0.034396
1 0.611235 0.472170 0.221357 0.143840
1 0.792547 0.565353 0.027809 0.015009
1 0.488877 0.567542 0.121246 0.050657
1 0.781980 0.575360 0.122358 0.061288
1 0.824805 0.592245 0.025584 0.021263
1 0.527253 0.598812 0.035595 0.020638
1 0.481646 0.695435 0.068966 0.038774
1 0.432147 0.715760 0.067853 0.035647
1 0.786986 0.722014 0.070078 0.066917
1 0.555061 0.856160 0.033370 0.030019
1 0.495551 0.870544 0.032258 0.023765
1 0.819244 0.882739 0.132369 0.085679