0 0.489433 0.107567 0.142380 0.082552
0 0.790879 0.114759 0.149055 0.055660
0 0.790323 0.255785 0.103448 0.057536
0 0.478865 0.264540 0.125695 0.071295
0 0.531702 0.423702 0.084538 0.096936
0 0.788098 0.427455 0.076752 0.098186
0 0.783092 0.574422 0.115684 0.056911
0 0.491101 0.574734 0.119021 0.065041
0 0.427697 0.697624 0.183537 0.070669
0 0.529477 0.709506 0.111235 0.056911
0 0.787542 0.722014 0.077864 0.063164
0 0.525028 0.869606 0.093437 0.056911
0 0.814238 0.888368 0.135706 0.091932
1 0.468298 0.104440 0.209121 0.105066
1 0.791991 0.113196 0.066741 0.043777
1 0.845940 0.113196 0.038932 0.040025
1 0.790323 0.114134 0.154616 0.059412
1 0.531146 0.125704 0.061179 0.056285
1 0.897108 0.227642 0.205784 0.090056
1 0.463849 0.252033 0.095662 0.045028
1 0.507230 0.255159 0.031146 0.016260
1 0.466630 0.260163 0.078977 0.027517
1 0.524472 0.281426 0.038932 0.033771
1 0.769744 0.422139 0.115684 0.088806
1 0.555617 0.422764 0.036707 0.093809
1 0.531702 0.423390 0.084538 0.097561
1 0.512792 0.424328 0.035595 0.025641
1 0.118465 0.424640 0.076752 0.035022
1 0.610122 0.472170 0.219132 0.143840
1 0.792547 0.565353 0.027809 0.015009
1 0.488877 0.567542 0.121246 0.050657
1 0.781980 0.575360 0.122358 0.061288
1 0.824805 0.592245 0.025584 0.021263
1 0.527809 0.599124 0.036707 0.021263
1 0.481090 0.695435 0.067853 0.040025
1 0.432147 0.715760 0.067853 0.035647
1 0.786986 0.722014 0.070078 0.066917
1 0.555617 0.856160 0.034483 0.031270
1 0.495551 0.870544 0.032258 0.023765
1 0.819244 0.882739 0.132369 0.085679