0 0.275000 0.106250 0.133333 0.095312
0 0.297917 0.298828 0.148611 0.144531
0 0.329861 0.444141 0.159722 0.047656
0 0.668750 0.500781 0.195833 0.082812
0 0.491667 0.700781 0.166667 0.051562
0 0.456250 0.751172 0.043056 0.038281
0 0.859028 0.766797 0.034722 0.027344
0 0.552778 0.769141 0.138889 0.085156
0 0.746528 0.769922 0.120833 0.021094
0 0.705556 0.787500 0.094444 0.032813
0 0.189583 0.790625 0.151389 0.093750
0 0.727083 0.816797 0.054167 0.035156
0 0.118750 0.819141 0.065278 0.039844
0 0.431250 0.834766 0.051389 0.032031
0 0.633333 0.872266 0.030556 0.016406
0 0.764583 0.880469 0.198611 0.081250
0 0.087500 0.898047 0.027778 0.022656
0 0.242361 0.934375 0.309722 0.123438
0 0.461111 0.943359 0.097222 0.077344
1 0.242361 0.128125 0.068056 0.051562
1 0.317361 0.140625 0.029167 0.015625
1 0.305556 0.246875 0.127778 0.028125
1 0.297917 0.249219 0.148611 0.048438
1 0.494444 0.271094 0.027778 0.015625
1 0.296528 0.325000 0.120833 0.081250
1 0.319444 0.335156 0.027778 0.015625
1 0.329861 0.443750 0.156944 0.046875
1 0.497222 0.488672 0.161111 0.060156
1 0.186111 0.695312 0.144444 0.040625
1 0.838889 0.719531 0.013889 0.006250
1 0.363194 0.741016 0.031944 0.017969
1 0.458333 0.746094 0.036111 0.028125
1 0.351389 0.754687 0.066667 0.043750
1 0.468056 0.754687 0.016667 0.012500
1 0.867361 0.757422 0.015278 0.008594
1 0.368056 0.765625 0.030556 0.020313
1 0.552778 0.769141 0.130556 0.078906
1 0.763889 0.770703 0.083333 0.021094
1 0.747222 0.773047 0.116667 0.027344
1 0.704167 0.781641 0.033333 0.014844
1 0.189583 0.790625 0.140278 0.087500
1 0.667361 0.796484 0.018056 0.008594
1 0.691667 0.798047 0.016667 0.010156
1 0.739583 0.805859 0.015278 0.010156
1 0.722917 0.811719 0.020833 0.012500
1 0.543056 0.814453 0.025000 0.013281
1 0.875000 0.817578 0.019444 0.011719
1 0.744444 0.817969 0.025000 0.014063
1 0.117361 0.818750 0.065278 0.039062
1 0.444444 0.828906 0.022222 0.012500
1 0.420833 0.830078 0.030556 0.017969
1 0.847917 0.833203 0.054167 0.046094
1 0.629167 0.841406 0.027778 0.015625
1 0.372917 0.853906 0.015278 0.009375
1 0.436806 0.866016 0.023611 0.013281
1 0.632639 0.872266 0.023611 0.016406
1 0.764583 0.880469 0.184722 0.076563
1 0.084722 0.896484 0.022222 0.021094
1 0.093056 0.903125 0.016667 0.012500
1 0.372917 0.907031 0.029167 0.012500
1 0.357639 0.908203 0.020833 0.011719
1 0.820139 0.921875 0.023611 0.012500
1 0.245139 0.932422 0.018056 0.011719
1 0.140278 0.938672 0.100000 0.057031
1 0.835417 0.939063 0.026389 0.012500
1 0.461111 0.943359 0.091667 0.072656
1 0.747917 0.963281 0.031944 0.015625
1 0.736111 0.967969 0.011111 0.006250
1 0.261111 0.983203 0.027778 0.014844