0 0.674638 0.045654 0.196885 0.091307
0 0.888765 0.095372 0.109010 0.064415
0 0.326474 0.097248 0.121246 0.064415
0 0.656285 0.245466 0.173526 0.128205
0 0.923248 0.245153 0.097887 0.062539
0 0.680756 0.404315 0.180200 0.063164
0 0.386541 0.421513 0.234705 0.070044
0 0.341491 0.586617 0.131257 0.092558
0 0.651279 0.605378 0.125695 0.067542
0 0.404338 0.747655 0.105673 0.083177
0 0.622914 0.766104 0.131257 0.090056
0 0.388209 0.918074 0.088988 0.046279
0 0.652948 0.944028 0.180200 0.110694
1 0.675751 0.045341 0.196885 0.090682
1 0.113459 0.131957 0.017798 0.007505
1 0.087319 0.132583 0.014461 0.010006
1 0.093993 0.137899 0.021135 0.008130
1 0.109566 0.211695 0.014461 0.006879
1 0.651279 0.245153 0.161290 0.120075
1 0.104004 0.251094 0.021135 0.013133
1 0.082314 0.303315 0.020022 0.011257
1 0.042825 0.310194 0.018910 0.007505
1 0.676307 0.405253 0.160178 0.065041
1 0.358732 0.423077 0.170189 0.070669
1 0.953838 0.426204 0.021135 0.013133
1 0.978309 0.434021 0.023359 0.012508
1 0.177419 0.522514 0.016685 0.011882
1 0.971079 0.545966 0.024472 0.008755
1 0.340378 0.586304 0.135706 0.094434
1 0.650723 0.604753 0.133482 0.070044
1 0.403226 0.747655 0.103448 0.084428
1 0.063404 0.764228 0.022247 0.012508
1 0.071190 0.795497 0.017798 0.008755
1 0.601224 0.796123 0.239155 0.160100
1 0.417130 0.813321 0.100111 0.040650
1 0.651279 0.946216 0.174638 0.107567
1 0.088432 0.977799 0.176863 0.044403