0 0.547275 0.107255 0.135706 0.108193
0 0.786429 0.155410 0.140156 0.069418
0 0.556174 0.280488 0.153504 0.091932
0 0.780868 0.292683 0.117909 0.078799
0 0.738042 0.443715 0.234705 0.155722
0 0.518354 0.452783 0.224694 0.126329
0 0.511123 0.565666 0.216908 0.110694
0 0.782536 0.575672 0.210234 0.115697
0 0.758065 0.760163 0.252503 0.141964
0 0.687430 0.889931 0.193548 0.136335
1 0.548387 0.106942 0.135706 0.110069
1 0.561179 0.126642 0.103448 0.069418
1 0.788098 0.143840 0.052280 0.046279
1 0.785873 0.153221 0.143493 0.073796
1 0.812570 0.153846 0.085651 0.065041
1 0.793660 0.169794 0.041157 0.038149
1 0.774194 0.186992 0.086763 0.008755
1 0.570634 0.254221 0.126808 0.043152
1 0.587319 0.266729 0.084538 0.066917
1 0.532814 0.270482 0.080089 0.039400
1 0.755284 0.284553 0.055617 0.025016
1 0.779755 0.292058 0.117909 0.077548
1 0.550056 0.293308 0.134594 0.063790
1 0.771413 0.309256 0.096774 0.041901
1 0.526140 0.417448 0.095662 0.050657
1 0.473860 0.432145 0.066741 0.041276
1 0.774194 0.434021 0.140156 0.081301
1 0.800890 0.444028 0.086763 0.048780
1 0.774750 0.445278 0.136819 0.056285
1 0.805339 0.476861 0.080089 0.035647
1 0.789766 0.564103 0.124583 0.067542
1 0.513348 0.565041 0.063404 0.049406
1 0.532814 0.572545 0.106785 0.070669
1 0.462736 0.573796 0.117909 0.085679
1 0.764182 0.577236 0.082314 0.036273
1 0.818131 0.580363 0.056730 0.032520
1 0.433259 0.582552 0.058954 0.069418
1 0.479422 0.586617 0.100111 0.061288
1 0.786429 0.597248 0.109010 0.070044
1 0.764739 0.757661 0.239155 0.123202
1 0.665740 0.906504 0.065628 0.039400
1 0.724138 0.913071 0.055617 0.047530
1 0.675751 0.921201 0.154616 0.078799
1 0.642380 0.932770 0.078977 0.036898