0 0.684028 0.243359 0.248611 0.038281
0 0.593750 0.438281 0.059722 0.021875
0 0.652778 0.518750 0.033333 0.026562
0 0.738889 0.540625 0.027778 0.015625
0 0.984722 0.552734 0.030556 0.078906
0 0.902778 0.605469 0.030556 0.015625
0 0.777778 0.613281 0.061111 0.039062
0 0.940278 0.627734 0.022222 0.016406
1 0.976389 0.169141 0.047222 0.114844
1 0.722917 0.303516 0.401389 0.139844
1 0.594444 0.434766 0.008333 0.003906
1 0.577083 0.436328 0.026389 0.016406
1 0.580556 0.435937 0.030556 0.017188
1 0.609028 0.439844 0.026389 0.018750
1 0.724306 0.497266 0.034722 0.022656
1 0.986111 0.553516 0.025000 0.053906