0 0.662403 0.044090 0.170189 0.088180
0 0.891546 0.095685 0.103448 0.062539
0 0.327586 0.096310 0.110122 0.061288
0 0.923804 0.245153 0.096774 0.058787
0 0.652948 0.246091 0.166852 0.131957
0 0.675751 0.404941 0.179088 0.063164
0 0.390434 0.423077 0.226919 0.065666
0 0.347052 0.586304 0.126808 0.085679
0 0.651279 0.605691 0.123471 0.061914
0 0.403226 0.748593 0.101224 0.080050
0 0.625695 0.766729 0.125695 0.086304
0 0.389878 0.918699 0.081201 0.046279
0 0.650723 0.944653 0.175751 0.110694
1 0.781424 0.077548 0.010011 0.005003
1 0.085095 0.131019 0.010011 0.006879
1 0.093993 0.138524 0.018910 0.008130
1 0.109566 0.212008 0.010011 0.006254
1 0.104004 0.251720 0.021135 0.013133
1 0.691324 0.277674 0.056730 0.046279
1 0.637375 0.395560 0.073415 0.036898
1 0.676863 0.405253 0.154616 0.061288
1 0.322581 0.419325 0.091212 0.050657
1 0.971079 0.419012 0.055617 0.043777
1 0.358732 0.423077 0.163515 0.068168
1 0.177976 0.522827 0.017798 0.011257
1 0.979422 0.545654 0.018910 0.009381
1 0.971635 0.545966 0.025584 0.007505
1 0.348165 0.583177 0.109010 0.084428
1 0.338710 0.587242 0.130145 0.093809
1 0.359288 0.591307 0.086763 0.086929
1 0.651835 0.604753 0.131257 0.068793
1 0.403226 0.747655 0.098999 0.083177
1 0.063960 0.764540 0.021135 0.011882
1 0.614572 0.777361 0.123471 0.073796
1 0.594549 0.794559 0.216908 0.153221
1 0.415462 0.813321 0.094549 0.038149
1 0.617909 0.884928 0.012236 0.007505
1 0.088432 0.977799 0.176863 0.043152