0 0.575694 0.362500 0.848611 0.225000
0 0.206944 0.502344 0.027778 0.015625
0 0.555556 0.514453 0.263889 0.075781
0 0.307639 0.543750 0.148611 0.145313
0 0.604167 0.620313 0.027778 0.018750
0 0.591667 0.671094 0.027778 0.017188
0 0.548611 0.675000 0.027778 0.017188
0 0.330556 0.686328 0.158333 0.052344
0 0.629167 0.692578 0.058333 0.019531
0 0.486111 0.693750 0.027778 0.015625
0 0.822222 0.725781 0.027778 0.015625
0 0.651389 0.748828 0.202778 0.094531
0 0.500000 0.787500 0.027778 0.020313
0 0.811806 0.791016 0.037500 0.019531
0 0.415972 0.794141 0.034722 0.021094
0 0.593750 0.875781 0.415278 0.151562
0 0.832639 0.971094 0.037500 0.021875
1 0.495139 0.295312 0.165278 0.057813
1 0.287500 0.485156 0.102778 0.023438
1 0.306944 0.489063 0.147222 0.065625
1 0.338889 0.493359 0.083333 0.027344
1 0.609028 0.517969 0.023611 0.012500
1 0.623611 0.575391 0.052778 0.025781
1 0.331944 0.683203 0.166667 0.049219
1 0.344444 0.700781 0.022222 0.010937
1 0.456250 0.730078 0.079167 0.036719
1 0.658333 0.857812 0.072222 0.040625
1 0.209028 0.992969 0.026389 0.012500
1 0.320833 0.995313 0.019444 0.007812
1 0.116667 0.996094 0.066667 0.007812