0 0.671528 0.244531 0.231944 0.032813
0 0.678472 0.286328 0.248611 0.077344
0 0.595139 0.438672 0.056944 0.019531
0 0.963889 0.508203 0.063889 0.035156
0 0.650694 0.519531 0.034722 0.026562
0 0.737500 0.539062 0.027778 0.015625
0 0.980556 0.552344 0.038889 0.079687
0 0.816667 0.557813 0.030556 0.015625
0 0.902778 0.605469 0.030556 0.015625
0 0.779861 0.610547 0.062500 0.033594
0 0.563194 0.733594 0.056944 0.050000
1 0.722917 0.293750 0.387500 0.131250
1 0.578472 0.436328 0.026389 0.016406
1 0.609028 0.440234 0.026389 0.017969