0 0.649611 0.139462 0.033370 0.013759
0 0.115128 0.141026 0.156841 0.014384
0 0.454394 0.140713 0.116796 0.015009
0 0.564516 0.175109 0.083426 0.063790
0 0.758621 0.179174 0.155729 0.055660
0 0.633482 0.182301 0.078977 0.048155
0 0.882091 0.186054 0.075640 0.039400
0 0.275862 0.187305 0.155729 0.036898
0 0.051724 0.191370 0.103448 0.207630
0 0.578420 0.201376 0.082314 0.037523
0 0.368743 0.215760 0.170189 0.101313
0 0.484983 0.229206 0.051168 0.029393
0 0.883204 0.232333 0.077864 0.035647
0 0.758621 0.235460 0.155729 0.043152
0 0.275862 0.241401 0.155729 0.056285
0 0.115128 0.257036 0.156841 0.090056
0 0.597887 0.257036 0.156841 0.090056
0 0.490545 0.268293 0.037820 0.051282
0 0.324805 0.289869 0.048943 0.018136
0 0.326474 0.318637 0.043382 0.019387
0 0.305339 0.322076 0.038932 0.021263
0 0.443826 0.335835 0.173526 0.110069
0 0.226363 0.337711 0.116796 0.080050
0 0.292547 0.346467 0.037820 0.045028
0 0.115128 0.351157 0.156841 0.090682
0 0.597887 0.351157 0.156841 0.090682
0 0.758621 0.351157 0.155729 0.090682
0 0.910456 0.351157 0.136819 0.090682
0 0.358732 0.404315 0.139043 0.083177
0 0.478309 0.426517 0.064516 0.048780
0 0.115128 0.445278 0.156841 0.090056
0 0.275862 0.445278 0.155729 0.090056
0 0.597887 0.445278 0.156841 0.090056
0 0.758621 0.445278 0.155729 0.090056
0 0.914905 0.445278 0.147942 0.090056
0 0.380423 0.481551 0.082314 0.046279
0 0.387097 0.513759 0.028921 0.009381
0 0.624583 0.517511 0.098999 0.043152
0 0.253059 0.520951 0.176863 0.100063
0 0.573971 0.534396 0.102336 0.031895
0 0.115128 0.539087 0.156841 0.090056
0 0.901557 0.539087 0.116796 0.090056
0 0.758621 0.547217 0.155729 0.072545
0 0.562291 0.562226 0.058954 0.030019
0 0.620690 0.567855 0.064516 0.027517
0 0.400445 0.571295 0.066741 0.019387
0 0.417686 0.609756 0.050056 0.035022
0 0.145717 0.612570 0.088988 0.028143
0 0.479978 0.613821 0.061179 0.048155
0 0.275862 0.632896 0.155729 0.090056
0 0.597887 0.632896 0.156841 0.090056
0 0.758621 0.632896 0.155729 0.090056
0 0.915462 0.632896 0.149055 0.090056
0 0.101780 0.641964 0.067853 0.070669
0 0.422136 0.642902 0.038932 0.027517
0 0.459399 0.658224 0.106785 0.034396
0 0.437152 0.692933 0.066741 0.016260
0 0.403226 0.713884 0.054505 0.033146
0 0.115128 0.727017 0.156841 0.090682
0 0.275862 0.727017 0.155729 0.090682
0 0.597887 0.727017 0.156841 0.090682
0 0.758621 0.727017 0.155729 0.090682
0 0.919355 0.727017 0.156841 0.090682
0 0.490545 0.797999 0.129032 0.100063
0 0.075640 0.811445 0.068966 0.021889
0 0.275862 0.821138 0.155729 0.090056
0 0.436596 0.821138 0.156841 0.090056
0 0.597887 0.821138 0.156841 0.090056
0 0.758621 0.821138 0.155729 0.090056
0 0.911568 0.821138 0.139043 0.090056
0 0.057842 0.886804 0.031146 0.027517
0 0.739711 0.887430 0.113459 0.030019
0 0.574527 0.888368 0.105673 0.031895
0 0.906007 0.892433 0.127920 0.041276
0 0.436596 0.912758 0.156841 0.085679
0 0.275862 0.914947 0.155729 0.090056
0 0.615684 0.917136 0.116796 0.019387
0 0.758621 0.934647 0.155729 0.028143
0 0.919355 0.935272 0.156841 0.045654