0 0.368750 0.132812 0.179167 0.143750
0 0.908333 0.160938 0.027778 0.012500
0 0.775000 0.183203 0.016667 0.007031
0 0.979167 0.187891 0.041667 0.038281
0 0.972222 0.282813 0.055556 0.056250
0 0.370833 0.287109 0.158333 0.105469
0 0.036111 0.309375 0.072222 0.081250
0 0.573611 0.386328 0.205556 0.347656
0 0.852083 0.422656 0.051389 0.040625
0 0.952778 0.461328 0.094444 0.110156
0 0.392361 0.487891 0.093056 0.075781
0 0.945139 0.620703 0.040278 0.022656
0 0.585417 0.625391 0.220833 0.141406
0 0.582639 0.760156 0.226389 0.140625
0 0.334028 0.762500 0.284722 0.148438
0 0.336111 0.901563 0.238889 0.146875
0 0.553472 0.905859 0.204167 0.164844
1 0.368750 0.132812 0.168056 0.134375
1 0.908333 0.160938 0.025000 0.012500
1 0.770833 0.184375 0.008333 0.004687
1 0.988194 0.185156 0.023611 0.032813
1 0.968056 0.189844 0.016667 0.007812
1 0.996528 0.202344 0.006944 0.007812
1 0.565972 0.237500 0.081944 0.050000
1 0.628472 0.250000 0.054167 0.040625
1 0.380556 0.262500 0.111111 0.056250
1 0.529167 0.263672 0.097222 0.113281
1 0.007639 0.265234 0.015278 0.011719
1 0.419444 0.271875 0.041667 0.043750
1 0.972222 0.273047 0.052778 0.021094
1 0.955556 0.274609 0.019444 0.013281
1 0.313194 0.284375 0.048611 0.046875
1 0.035417 0.294531 0.070833 0.081250
1 0.975000 0.301172 0.033333 0.027344
1 0.976389 0.302344 0.030556 0.015625
1 0.955556 0.303516 0.022222 0.013281
1 0.022222 0.312109 0.044444 0.039844
1 0.009028 0.357812 0.018056 0.017188
1 0.538889 0.363672 0.055556 0.032031
1 0.846528 0.409375 0.012500 0.007812
1 0.863889 0.409766 0.025000 0.014844
1 0.975694 0.409375 0.015278 0.007812
1 0.991667 0.410547 0.016667 0.013281
1 0.856944 0.410938 0.036111 0.015625
1 0.832639 0.414062 0.012500 0.007812
1 0.983333 0.416016 0.027778 0.021094
1 0.612500 0.469922 0.055556 0.038281
1 0.425694 0.478906 0.006944 0.045312
1 0.979167 0.481641 0.041667 0.030469
1 0.391667 0.487500 0.091667 0.075000
1 0.495139 0.488281 0.051389 0.042188
1 0.943056 0.488672 0.063889 0.032031
1 0.370833 0.489063 0.044444 0.020313
1 0.420833 0.489844 0.030556 0.017188
1 0.954861 0.490234 0.090278 0.049219
1 0.400694 0.513672 0.023611 0.021094
1 0.956250 0.614453 0.020833 0.010156
1 0.938194 0.619141 0.020833 0.013281
1 0.943750 0.622266 0.037500 0.021094
1 0.935417 0.627734 0.020833 0.010156
1 0.581944 0.629687 0.191667 0.132812
1 0.522222 0.642188 0.066667 0.042188
1 0.598611 0.758984 0.213889 0.108594
1 0.326389 0.778906 0.266667 0.109375
1 0.433333 0.799609 0.055556 0.069531
1 0.984722 0.866797 0.030556 0.032031
1 0.315278 0.907031 0.191667 0.103125
1 0.533333 0.935156 0.188889 0.118750