0 0.454950 0.178236 0.157953 0.087555
0 0.100111 0.210131 0.200222 0.098812
0 0.849277 0.329894 0.078977 0.054409
0 0.289766 0.414321 0.187987 0.060663
0 0.951057 0.503752 0.097887 0.217011
0 0.441046 0.504690 0.116796 0.087555
0 0.735818 0.570356 0.065628 0.060038
0 0.194105 0.697311 0.388209 0.177611
0 0.972747 0.747967 0.016685 0.008755
0 0.752503 0.751407 0.110122 0.051907
1 0.488877 0.192308 0.090100 0.063164
1 0.930478 0.255159 0.139043 0.085053
1 0.042269 0.310194 0.020022 0.011257
1 0.849277 0.329894 0.074527 0.050657
1 0.941046 0.382427 0.026696 0.009381
1 0.655172 0.402752 0.024472 0.017511
1 0.289766 0.414321 0.174638 0.056911
1 0.745273 0.419012 0.075640 0.032520
1 0.147386 0.432770 0.103448 0.018762
1 0.345940 0.433396 0.057842 0.048780
1 0.783092 0.457786 0.048943 0.033771
1 0.944383 0.486554 0.077864 0.053784
1 0.080645 0.488430 0.038932 0.026266
1 0.779755 0.498749 0.040044 0.018136
1 0.938821 0.501563 0.053393 0.022514
1 0.378198 0.506254 0.244716 0.125704
1 0.061179 0.531895 0.013348 0.008130
1 0.780868 0.557536 0.060067 0.048155
1 0.250278 0.562226 0.028921 0.012508
1 0.280311 0.562539 0.024472 0.011882
1 0.735818 0.570356 0.061179 0.056285
1 0.107341 0.610694 0.085651 0.029393
1 0.931591 0.625391 0.038932 0.031270
1 0.140156 0.643840 0.082314 0.050657
1 0.713571 0.659787 0.027809 0.012508
1 0.021135 0.676048 0.042269 0.026266
1 0.108454 0.691682 0.045606 0.035022
1 0.066185 0.698562 0.132369 0.052533
1 0.445495 0.700750 0.023359 0.013133
1 0.609010 0.701689 0.043382 0.022514
1 0.069522 0.704190 0.027809 0.021263
1 0.814238 0.710131 0.024472 0.015635
1 0.245829 0.736710 0.040044 0.027517
1 0.506118 0.745153 0.031146 0.031895
1 0.971635 0.747655 0.016685 0.009381
1 0.749722 0.752658 0.111235 0.049406
1 0.215239 0.761101 0.103448 0.042527
1 0.293660 0.778299 0.020022 0.011882