0 0.662403 0.044090 0.170189 0.088180
0 0.102892 0.051907 0.076752 0.036273
0 0.891546 0.095372 0.103448 0.063164
0 0.327586 0.096310 0.110122 0.061288
0 0.924360 0.245153 0.097887 0.058787
0 0.652948 0.246091 0.166852 0.131957
0 0.675751 0.404941 0.179088 0.063164
0 0.361513 0.421826 0.166852 0.063164
0 0.346496 0.585991 0.125695 0.086304
0 0.651279 0.605378 0.121246 0.062539
0 0.403226 0.748593 0.101224 0.080050
0 0.625139 0.766417 0.124583 0.085679
0 0.389878 0.918699 0.081201 0.046279
0 0.650723 0.944653 0.175751 0.110694
1 0.085095 0.131019 0.010011 0.006879
1 0.093993 0.138524 0.018910 0.008130
1 0.109566 0.212008 0.010011 0.006254
1 0.104004 0.251720 0.021135 0.013133
1 0.691324 0.277674 0.056730 0.046279
1 0.637375 0.395560 0.073415 0.036898
1 0.676863 0.405253 0.154616 0.061288
1 0.358732 0.423077 0.163515 0.068168
1 0.953838 0.425578 0.021135 0.014384
1 0.177976 0.522827 0.017798 0.011257
1 0.971635 0.545966 0.027809 0.007505
1 0.347052 0.583177 0.111235 0.084428
1 0.338710 0.587242 0.130145 0.093809
1 0.359844 0.591307 0.087875 0.086929
1 0.651835 0.604753 0.131257 0.068793
1 0.403226 0.747655 0.098999 0.083177
1 0.063960 0.764540 0.021135 0.011882
1 0.627364 0.775172 0.095662 0.065666
1 0.595106 0.794872 0.215795 0.153846
1 0.415462 0.813321 0.094549 0.038149
1 0.617353 0.884928 0.013348 0.007505
1 0.647386 0.943089 0.177976 0.095059
1 0.088432 0.977799 0.176863 0.043152