0 0.489433 0.107567 0.142380 0.082552
0 0.790879 0.114447 0.149055 0.055034
0 0.789766 0.255472 0.104561 0.056911
0 0.478309 0.263602 0.124583 0.070669
0 0.531702 0.424015 0.084538 0.097561
0 0.787542 0.426829 0.077864 0.096936
0 0.491101 0.574734 0.119021 0.065041
0 0.783092 0.574734 0.115684 0.057536
0 0.427141 0.697311 0.182425 0.070044
0 0.528921 0.709193 0.112347 0.057536
0 0.787542 0.722014 0.077864 0.063164
0 0.524472 0.867730 0.096774 0.058161
0 0.812570 0.886804 0.136819 0.091307
1 0.468854 0.104753 0.210234 0.105691
1 0.794772 0.113196 0.058954 0.042527
1 0.845940 0.113508 0.038932 0.039400
1 0.790323 0.113821 0.154616 0.060038
1 0.531146 0.126016 0.061179 0.055660
1 0.897664 0.227642 0.204672 0.090056
1 0.462180 0.252033 0.092325 0.045028
1 0.507786 0.254847 0.030033 0.015635
1 0.467186 0.260788 0.075640 0.026266
1 0.785873 0.270794 0.021135 0.010006
1 0.523915 0.280801 0.037820 0.032520
1 0.769188 0.421201 0.116796 0.091932
1 0.555617 0.422452 0.036707 0.093183
1 0.531702 0.423702 0.084538 0.098186
1 0.513348 0.424328 0.036707 0.025641
1 0.535039 0.453408 0.068966 0.035022
1 0.080645 0.492495 0.161290 0.174484
1 0.792547 0.565353 0.027809 0.015009
1 0.488877 0.567230 0.121246 0.050031
1 0.781980 0.575360 0.122358 0.062539
1 0.824249 0.592558 0.024472 0.021889
1 0.526696 0.598499 0.036707 0.021263
1 0.481646 0.697936 0.068966 0.045028
1 0.432147 0.715760 0.067853 0.035647
1 0.786986 0.720450 0.070078 0.066291
1 0.556174 0.856785 0.031146 0.027517
1 0.496107 0.870231 0.033370 0.023139
1 0.819244 0.882114 0.132369 0.080675