0 0.547275 0.107255 0.135706 0.108193
0 0.786429 0.155410 0.140156 0.069418
0 0.556174 0.280488 0.153504 0.091932
0 0.781424 0.292683 0.116796 0.078799
0 0.738598 0.443715 0.235818 0.155722
0 0.518354 0.452470 0.224694 0.126954
0 0.512236 0.565666 0.216908 0.110694
0 0.782536 0.575672 0.210234 0.115697
0 0.757508 0.760475 0.253615 0.141338
0 0.688543 0.890244 0.193548 0.135710
1 0.548387 0.106942 0.135706 0.110069
1 0.561735 0.126954 0.102336 0.068793
1 0.788098 0.144153 0.050056 0.046904
1 0.785873 0.153533 0.143493 0.074422
1 0.813682 0.153846 0.083426 0.065041
1 0.793660 0.169481 0.041157 0.038774
1 0.774194 0.186992 0.084538 0.008755
1 0.570634 0.254221 0.126808 0.043152
1 0.587875 0.266729 0.083426 0.066917
1 0.537264 0.270482 0.071190 0.039400
1 0.755840 0.284553 0.056730 0.025016
1 0.779755 0.292058 0.117909 0.077548
1 0.549499 0.292996 0.133482 0.064415
1 0.770300 0.294246 0.098999 0.078174
1 0.526696 0.417761 0.096774 0.051282
1 0.510011 0.423077 0.141268 0.065666
1 0.774194 0.434021 0.140156 0.081301
1 0.801446 0.443715 0.085651 0.048155
1 0.774750 0.445278 0.136819 0.056285
1 0.804783 0.476861 0.078977 0.035647
1 0.790323 0.564103 0.123471 0.067542
1 0.513348 0.565041 0.063404 0.049406
1 0.532814 0.572545 0.106785 0.070669
1 0.451613 0.573796 0.095662 0.085679
1 0.469967 0.574734 0.119021 0.085053
1 0.763070 0.577236 0.080089 0.036273
1 0.810345 0.581926 0.072303 0.036898
1 0.433259 0.582552 0.058954 0.069418
1 0.786429 0.597248 0.109010 0.070044
1 0.764739 0.757661 0.239155 0.123202
1 0.665740 0.906504 0.065628 0.039400
1 0.724138 0.913383 0.055617 0.048155
1 0.675195 0.921201 0.153504 0.078799
1 0.639043 0.933396 0.072303 0.035647