0 0.175000 0.081250 0.144444 0.085938
0 0.324306 0.081250 0.143056 0.085938
0 0.473611 0.081250 0.144444 0.085938
0 0.623611 0.081250 0.144444 0.085938
0 0.772917 0.096484 0.143056 0.028906
0 0.148611 0.146094 0.086111 0.035937
0 0.215278 0.161328 0.055556 0.069531
0 0.324306 0.168750 0.143056 0.085938
0 0.473611 0.168750 0.144444 0.085938
0 0.623611 0.168750 0.144444 0.085938
0 0.772917 0.168750 0.143056 0.085938
0 0.879861 0.168750 0.051389 0.085938
0 0.141667 0.180859 0.072222 0.032031
0 0.154167 0.256641 0.100000 0.086719
0 0.219444 0.256641 0.047222 0.086719
0 0.324306 0.256641 0.143056 0.086719
0 0.473611 0.256641 0.144444 0.086719
0 0.623611 0.256641 0.144444 0.086719
0 0.772917 0.256641 0.143056 0.086719
0 0.886111 0.256641 0.066667 0.086719
0 0.324306 0.344531 0.143056 0.085938
0 0.473611 0.344531 0.144444 0.085938
0 0.623611 0.344531 0.144444 0.085938
0 0.772917 0.344531 0.143056 0.085938
0 0.890972 0.344531 0.076389 0.085938
0 0.156250 0.350391 0.187500 0.105469
0 0.175000 0.432031 0.144444 0.085938
0 0.324306 0.432031 0.143056 0.085938
0 0.473611 0.432031 0.144444 0.085938
0 0.623611 0.432031 0.144444 0.085938
0 0.772917 0.432031 0.143056 0.085938
0 0.896528 0.432031 0.087500 0.085938
0 0.872222 0.494922 0.041667 0.046094
0 0.925000 0.495312 0.061111 0.034375
0 0.750000 0.501563 0.191667 0.098437
0 0.175000 0.519531 0.144444 0.085938
0 0.324306 0.519531 0.143056 0.085938
0 0.473611 0.519531 0.144444 0.085938
0 0.623611 0.519531 0.144444 0.085938
0 0.894444 0.544531 0.083333 0.029687
0 0.175000 0.607422 0.144444 0.086719
0 0.324306 0.607422 0.143056 0.086719
0 0.473611 0.607422 0.144444 0.086719
0 0.623611 0.607422 0.144444 0.086719
0 0.772917 0.607422 0.143056 0.086719
0 0.909028 0.607422 0.115278 0.086719
0 0.175000 0.695312 0.144444 0.085938
0 0.324306 0.695312 0.143056 0.085938
0 0.473611 0.695312 0.144444 0.085938
0 0.623611 0.695312 0.144444 0.085938
0 0.772917 0.695312 0.143056 0.085938
0 0.943056 0.695312 0.069444 0.085938
0 0.915972 0.760547 0.131944 0.036719
0 0.175000 0.782813 0.144444 0.085938
0 0.324306 0.782813 0.143056 0.085938
0 0.473611 0.782813 0.144444 0.085938
0 0.772917 0.782813 0.143056 0.085938
0 0.658333 0.817187 0.069444 0.009375
0 0.307639 0.820312 0.162500 0.031250
0 0.500694 0.824219 0.023611 0.028125