0 0.611111 0.104297 0.244444 0.099219
0 0.343056 0.126172 0.175000 0.102344
0 0.316667 0.242188 0.183333 0.132812
0 0.593056 0.257031 0.094444 0.054688
0 0.289583 0.375781 0.206944 0.137500
0 0.577778 0.433594 0.097222 0.053125
0 0.306944 0.538672 0.294444 0.147656
0 0.579861 0.557813 0.295833 0.162500
0 0.580556 0.723828 0.305556 0.175781
0 0.269444 0.898828 0.327778 0.199219
0 0.555556 0.899609 0.280556 0.194531
1 0.610417 0.103516 0.243056 0.097656
1 0.341667 0.123438 0.169444 0.096875
1 0.309028 0.236328 0.173611 0.116406
1 0.593056 0.256641 0.097222 0.057031
1 0.286806 0.373047 0.195833 0.132031
1 0.579167 0.434375 0.100000 0.057813
1 0.600694 0.521094 0.190278 0.062500
1 0.563889 0.522266 0.111111 0.061719
1 0.318750 0.533594 0.270833 0.128125
1 0.598611 0.548438 0.197222 0.118750
1 0.559028 0.594141 0.065278 0.027344
1 0.611111 0.603516 0.063889 0.035156
1 0.632639 0.716797 0.204167 0.128906
1 0.275694 0.921875 0.206944 0.117188
1 0.570833 0.928906 0.216667 0.128125