0 0.619021 0.084740 0.067853 0.035647
0 0.323693 0.210444 0.180200 0.073171
0 0.634038 0.390244 0.088988 0.068793
0 0.388765 0.412133 0.127920 0.082552
0 0.344828 0.536273 0.153504 0.138211
0 0.682425 0.567542 0.027809 0.038149
0 0.677419 0.763290 0.206897 0.156973
1 0.345940 0.020325 0.015573 0.014384
1 0.619577 0.084115 0.071190 0.035647
1 0.313682 0.209819 0.211346 0.080675
1 0.991657 0.237649 0.014461 0.007505
1 0.978865 0.243590 0.011123 0.009381
1 0.375973 0.381488 0.097887 0.018762
1 0.631813 0.388368 0.091212 0.076298
1 0.417130 0.411507 0.028921 0.020013
1 0.394327 0.412445 0.139043 0.090682
1 0.443826 0.428705 0.028921 0.019387
1 0.404894 0.444966 0.026696 0.014384
1 0.309789 0.479675 0.034483 0.021263
1 0.293660 0.501563 0.031146 0.026266
1 0.324805 0.554722 0.111235 0.051282
1 0.343159 0.565666 0.156841 0.081926
1 0.680756 0.568480 0.026696 0.038774
1 0.677419 0.763290 0.193548 0.145716
1 0.023359 0.996248 0.013348 0.006254