0 0.154060 0.030644 0.030033 0.022514
0 0.227475 0.036898 0.056730 0.021263
0 0.408231 0.045028 0.033370 0.007505
0 0.595662 0.061288 0.076752 0.018762
0 0.657397 0.069418 0.033370 0.013759
0 0.699666 0.070669 0.060067 0.021263
0 0.825918 0.079425 0.034483 0.016260
0 0.236374 0.094121 0.094549 0.025641
0 0.537264 0.118824 0.060067 0.028768
0 0.622914 0.122264 0.028921 0.021889
0 0.327586 0.133521 0.025584 0.059412
0 0.142937 0.134459 0.105673 0.080050
0 0.422136 0.134459 0.143493 0.080050
0 0.717464 0.136961 0.022247 0.040025
0 0.216352 0.145403 0.056730 0.055660
0 0.753059 0.154472 0.066741 0.057536
0 0.514461 0.169168 0.065628 0.030644
0 0.275306 0.182301 0.105673 0.064415
0 0.720801 0.185116 0.033370 0.018762
0 0.578977 0.206379 0.083426 0.047530
0 0.344271 0.208568 0.083426 0.073171
0 0.758621 0.208255 0.091212 0.057536
0 0.141824 0.216698 0.107898 0.079425
0 0.273637 0.216698 0.142380 0.079425
0 0.853726 0.216698 0.114572 0.079425
0 0.810345 0.247342 0.187987 0.025641
0 0.893215 0.273296 0.044494 0.048780
0 0.414349 0.281739 0.156841 0.019387
0 0.799778 0.291119 0.109010 0.053158
0 0.691324 0.291432 0.061179 0.013759
0 0.514461 0.293934 0.067853 0.033771
0 0.133482 0.298624 0.126808 0.079425
0 0.273637 0.298937 0.142380 0.080050
0 0.424917 0.335835 0.037820 0.035022
0 0.518354 0.342402 0.086763 0.015635
0 0.620133 0.343340 0.065628 0.027517
0 0.882091 0.361163 0.055617 0.076923
0 0.748053 0.369606 0.096774 0.055034
0 0.210234 0.380550 0.066741 0.053158
0 0.134594 0.381488 0.124583 0.080050
0 0.422136 0.381488 0.143493 0.080050
0 0.339266 0.384928 0.060067 0.034396
0 0.870412 0.403690 0.034483 0.015635
0 0.516129 0.404315 0.033370 0.064415
0 0.705228 0.425266 0.177976 0.062539
0 0.489433 0.440901 0.120133 0.046279
0 0.333148 0.444966 0.038932 0.028143
0 0.432703 0.448093 0.060067 0.059412
0 0.578977 0.452158 0.067853 0.012508
0 0.140156 0.464040 0.111235 0.080050
0 0.718576 0.464040 0.142380 0.080050
0 0.852614 0.464040 0.112347 0.080050
0 0.334260 0.494684 0.043382 0.067542
0 0.220245 0.497498 0.033370 0.038149
0 0.416574 0.501876 0.056730 0.019387
0 0.515017 0.508443 0.033370 0.037523
0 0.862069 0.513759 0.066741 0.036898
0 0.794216 0.522827 0.048943 0.076298
0 0.218020 0.533146 0.017798 0.016886
0 0.563404 0.534084 0.087875 0.055034
0 0.125139 0.546592 0.143493 0.080050
0 0.708565 0.549093 0.068966 0.075047
0 0.213014 0.565353 0.054505 0.013759
0 0.399889 0.567542 0.094549 0.046904
0 0.109010 0.591307 0.022247 0.019387
0 0.426585 0.607567 0.081201 0.053158
0 0.798665 0.608818 0.048943 0.013133
0 0.678532 0.610694 0.137931 0.051907
0 0.510011 0.617573 0.159066 0.021889
0 0.273637 0.629143 0.142380 0.080050
0 0.570078 0.629143 0.143493 0.080050
0 0.751390 0.636961 0.092325 0.056911
0 0.365962 0.644153 0.097887 0.057536
0 0.497775 0.671670 0.045606 0.018762
0 0.314238 0.672921 0.045606 0.040025
0 0.158509 0.679174 0.030033 0.007505
0 0.751390 0.693558 0.092325 0.063790
0 0.570078 0.696685 0.065628 0.055034
0 0.363181 0.703565 0.098999 0.067542
0 0.273637 0.711695 0.142380 0.080050
0 0.874861 0.715760 0.023359 0.030644
0 0.749722 0.750782 0.095662 0.055660
0 0.848721 0.753909 0.102336 0.046904
0 0.556730 0.755159 0.096774 0.063164
0 0.458843 0.757036 0.105673 0.064415
0 0.362625 0.760788 0.104561 0.060663
0 0.404894 0.789556 0.109010 0.025641
0 0.099555 0.790807 0.023359 0.025641
0 0.652948 0.793308 0.100111 0.029393
0 0.850389 0.793934 0.107898 0.079425
0 0.752503 0.804253 0.094549 0.057536
0 0.556730 0.811445 0.098999 0.059412
0 0.438265 0.818011 0.048943 0.062539
0 0.325918 0.850532 0.146830 0.025016
0 0.748053 0.857724 0.092325 0.060663
0 0.571746 0.867417 0.068966 0.061288
0 0.880979 0.875547 0.048943 0.031270
0 0.422136 0.876173 0.143493 0.080050
0 0.640156 0.886179 0.045606 0.010006
0 0.093993 0.892433 0.027809 0.013759
0 0.312013 0.898374 0.050056 0.058161
0 0.206340 0.920888 0.043382 0.061914
0 0.571746 0.924640 0.068966 0.068168
0 0.438265 0.937148 0.046719 0.070669
0 0.372080 0.940588 0.094549 0.073796
0 0.719132 0.941213 0.081201 0.037523
0 0.646274 0.944966 0.033370 0.025016
0 0.568409 0.950594 0.120133 0.025016
0 0.500556 0.951532 0.071190 0.013133
0 0.316463 0.956848 0.050056 0.022514
0 0.218020 0.968418 0.077864 0.046904