0 0.154060 0.029706 0.030033 0.025641
0 0.219132 0.037523 0.086763 0.040025
0 0.279755 0.040963 0.027809 0.010632
0 0.364294 0.042839 0.027809 0.013133
0 0.402113 0.045966 0.054505 0.013133
0 0.117353 0.051907 0.027809 0.018762
0 0.558398 0.058161 0.040044 0.007505
0 0.595662 0.061601 0.076752 0.019387
0 0.655172 0.069731 0.055617 0.015635
0 0.818131 0.079425 0.065628 0.016260
0 0.630145 0.080050 0.023359 0.022514
0 0.180756 0.095997 0.030033 0.013133
0 0.436040 0.111007 0.048943 0.024390
0 0.323693 0.134772 0.033370 0.063164
0 0.142380 0.136023 0.106785 0.079425
0 0.570078 0.136023 0.143493 0.079425
0 0.853726 0.136023 0.114572 0.079425
0 0.427697 0.140400 0.018910 0.028143
0 0.753059 0.154159 0.066741 0.056911
0 0.528365 0.169794 0.113459 0.051907
0 0.275306 0.182614 0.105673 0.065041
0 0.578977 0.206379 0.083426 0.047530
0 0.750278 0.208255 0.074527 0.057536
0 0.888209 0.221388 0.034483 0.013759
0 0.259733 0.228580 0.090100 0.056911
0 0.428810 0.229518 0.030033 0.025016
0 0.130145 0.232958 0.066741 0.046904
0 0.809789 0.247342 0.189099 0.025641
0 0.161846 0.267667 0.034483 0.025016
0 0.412125 0.273296 0.163515 0.048780
0 0.890990 0.273296 0.051168 0.048780
0 0.515573 0.287054 0.067853 0.056285
0 0.572303 0.287680 0.038932 0.010006
0 0.680200 0.291432 0.098999 0.013759
0 0.110122 0.296123 0.044494 0.071920
0 0.273637 0.300188 0.142380 0.080050
0 0.708565 0.320200 0.013348 0.031270
0 0.426585 0.336148 0.043382 0.036898
0 0.315350 0.337086 0.105673 0.022514
0 0.621802 0.343652 0.071190 0.049406
0 0.226363 0.353346 0.018910 0.018762
0 0.749166 0.369606 0.098999 0.055034
0 0.209121 0.380550 0.071190 0.053158
0 0.131257 0.381176 0.102336 0.076923
0 0.422136 0.382739 0.143493 0.080050
0 0.570078 0.382739 0.143493 0.080050
0 0.852614 0.382739 0.112347 0.080050
0 0.775306 0.418074 0.258065 0.048155
0 0.340934 0.443089 0.072303 0.059412
0 0.741379 0.450281 0.092325 0.021263
0 0.111791 0.464978 0.050056 0.079425
0 0.273637 0.464978 0.142380 0.079425
0 0.570078 0.464978 0.143493 0.079425
0 0.388765 0.472170 0.070078 0.047530
0 0.888209 0.482176 0.045606 0.028768
0 0.340378 0.489681 0.071190 0.085053
0 0.215239 0.498124 0.054505 0.040650
0 0.499444 0.506879 0.086763 0.043152
0 0.218576 0.531582 0.018910 0.022514
0 0.423804 0.533458 0.017798 0.042527
0 0.563960 0.534396 0.086763 0.055660
0 0.125139 0.546904 0.143493 0.079425
0 0.718576 0.546904 0.142380 0.079425
0 0.851502 0.546904 0.110122 0.079425
0 0.325362 0.559725 0.030033 0.051282
0 0.402670 0.567542 0.100111 0.049406
0 0.207453 0.568168 0.167964 0.040650
0 0.095106 0.586304 0.067853 0.036898
0 0.573415 0.585991 0.072303 0.076298
0 0.861513 0.608818 0.056730 0.034396
0 0.694661 0.611320 0.090100 0.041901
0 0.796440 0.611007 0.077864 0.035022
0 0.284761 0.614759 0.100111 0.048780
0 0.187430 0.621326 0.045606 0.009381
0 0.221357 0.629143 0.017798 0.021263
0 0.571190 0.629143 0.141268 0.080050
0 0.883204 0.636961 0.033370 0.045654
0 0.751390 0.637273 0.092325 0.056285
0 0.365962 0.643527 0.097887 0.058787
0 0.460512 0.671982 0.033370 0.010632
0 0.158509 0.679174 0.030033 0.007505
0 0.501112 0.682301 0.065628 0.055034
0 0.711346 0.682301 0.056730 0.055034
0 0.751390 0.693246 0.092325 0.064415
0 0.570078 0.697624 0.065628 0.058161
0 0.363181 0.703565 0.098999 0.067542
0 0.709677 0.723265 0.048943 0.030644
0 0.211346 0.740463 0.017798 0.016260
0 0.749166 0.750469 0.094549 0.055034
0 0.703560 0.754534 0.018910 0.015635
0 0.848165 0.754221 0.103448 0.047530
0 0.556730 0.756098 0.096774 0.061288
0 0.458287 0.757036 0.104561 0.064415
0 0.362069 0.760788 0.103448 0.060663
0 0.605673 0.781113 0.065628 0.051282
0 0.402113 0.787680 0.114572 0.031895
0 0.694661 0.788931 0.090100 0.069418
0 0.850389 0.793934 0.107898 0.079425
0 0.328699 0.799562 0.054505 0.046904
0 0.751947 0.804253 0.095662 0.057536
0 0.100667 0.808943 0.038932 0.094434
0 0.556730 0.811445 0.098999 0.058161
0 0.323137 0.841151 0.156841 0.056285
0 0.443826 0.843340 0.066741 0.015635
0 0.748053 0.858036 0.092325 0.060038
0 0.572303 0.866792 0.070078 0.061288
0 0.880423 0.870231 0.050056 0.051907
0 0.273637 0.875860 0.142380 0.079425
0 0.136263 0.883365 0.119021 0.063164
0 0.571746 0.924953 0.068966 0.067542
0 0.868187 0.930269 0.076752 0.034396
0 0.438821 0.937148 0.045606 0.070669
0 0.372080 0.940901 0.094549 0.073171
0 0.570078 0.943402 0.143493 0.048155
0 0.500556 0.951532 0.071190 0.013133
0 0.325918 0.957473 0.082314 0.025016
0 0.197442 0.969043 0.163515 0.049406