0 0.205556 0.093750 0.144444 0.079687
0 0.355556 0.093750 0.144444 0.079687
0 0.505556 0.093750 0.144444 0.079687
0 0.655556 0.093750 0.144444 0.079687
0 0.805556 0.093750 0.144444 0.079687
0 0.161806 0.151172 0.048611 0.024219
0 0.359028 0.171875 0.176389 0.117188
0 0.230556 0.176563 0.091667 0.079687
0 0.505556 0.176563 0.144444 0.079687
0 0.655556 0.176563 0.144444 0.079687
0 0.805556 0.176563 0.144444 0.079687
0 0.156944 0.180859 0.038889 0.019531
0 0.205556 0.259375 0.144444 0.079687
0 0.355556 0.259375 0.144444 0.079687
0 0.505556 0.259375 0.144444 0.079687
0 0.655556 0.259375 0.144444 0.079687
0 0.805556 0.259375 0.144444 0.079687
0 0.205556 0.342187 0.144444 0.079687
0 0.355556 0.342187 0.144444 0.079687
0 0.505556 0.342187 0.144444 0.079687
0 0.655556 0.342187 0.144444 0.079687
0 0.805556 0.342187 0.144444 0.079687
0 0.205556 0.425000 0.144444 0.079687
0 0.355556 0.425000 0.144444 0.079687
0 0.505556 0.425000 0.144444 0.079687
0 0.655556 0.425000 0.144444 0.079687
0 0.805556 0.425000 0.144444 0.079687
0 0.189583 0.507812 0.043056 0.079687
0 0.355556 0.507812 0.144444 0.079687
0 0.505556 0.507812 0.144444 0.079687
0 0.655556 0.507812 0.144444 0.079687
0 0.805556 0.507812 0.144444 0.079687
0 0.239583 0.530469 0.070833 0.029687
0 0.205556 0.590625 0.144444 0.079687
0 0.355556 0.590625 0.144444 0.079687
0 0.505556 0.590625 0.144444 0.079687
0 0.655556 0.590625 0.144444 0.079687
0 0.833333 0.608594 0.083333 0.040625
0 0.205556 0.673438 0.144444 0.079687
0 0.355556 0.673438 0.144444 0.079687
0 0.505556 0.673438 0.144444 0.079687
0 0.655556 0.673438 0.144444 0.079687
0 0.805556 0.673438 0.144444 0.079687
0 0.805556 0.749219 0.144444 0.064062
0 0.205556 0.756250 0.144444 0.079687
0 0.355556 0.756250 0.144444 0.079687
0 0.505556 0.756250 0.144444 0.079687
0 0.655556 0.756250 0.144444 0.079687
0 0.307639 0.820312 0.162500 0.031250
0 0.500694 0.824219 0.023611 0.028125
1 0.783333 0.535547 0.011111 0.003906