0 0.674638 0.044090 0.201335 0.088180
0 0.101780 0.051282 0.076752 0.036273
0 0.891546 0.095372 0.103448 0.063164
0 0.327586 0.096310 0.110122 0.061288
0 0.929922 0.244215 0.097887 0.059412
0 0.652948 0.246091 0.166852 0.131957
0 0.675751 0.405253 0.179088 0.062539
0 0.391546 0.423390 0.229143 0.065041
0 0.347052 0.585991 0.126808 0.086304
0 0.652948 0.605691 0.122358 0.061914
0 0.403226 0.748593 0.101224 0.080050
0 0.625139 0.766417 0.126808 0.085679
0 0.389878 0.918699 0.081201 0.046279
0 0.650723 0.944653 0.175751 0.110694
1 0.781424 0.077548 0.010011 0.005003
1 0.085095 0.131019 0.010011 0.006879
1 0.093993 0.138524 0.018910 0.008130
1 0.109010 0.212008 0.011123 0.006254
1 0.104004 0.251720 0.021135 0.013133
1 0.691324 0.277674 0.056730 0.046279
1 0.041713 0.310194 0.021135 0.007505
1 0.637375 0.395560 0.073415 0.036898
1 0.677419 0.405253 0.153504 0.061288
1 0.323693 0.420263 0.091212 0.048780
1 0.358732 0.423077 0.163515 0.068168
1 0.953838 0.425891 0.021135 0.015009
1 0.978309 0.433396 0.021135 0.011257
1 0.177976 0.522827 0.017798 0.011257
1 0.973860 0.545341 0.030033 0.010006
1 0.347052 0.583177 0.111235 0.084428
1 0.338710 0.587242 0.130145 0.093809
1 0.359844 0.591307 0.085651 0.086929
1 0.651835 0.604753 0.131257 0.068793
1 0.403226 0.747655 0.098999 0.083177
1 0.589544 0.762977 0.206897 0.090056
1 0.063960 0.764228 0.021135 0.012508
1 0.626251 0.775485 0.097887 0.066291
1 0.415462 0.814572 0.094549 0.035647
1 0.617909 0.884928 0.012236 0.007505
1 0.649055 0.943089 0.174638 0.095059
1 0.074527 0.977486 0.149055 0.042527