0 0.151389 0.050781 0.044444 0.018750
0 0.309028 0.058594 0.109722 0.035937
0 0.209028 0.067969 0.070833 0.056250
0 0.475000 0.081250 0.144444 0.085938
0 0.624306 0.081250 0.143056 0.085938
0 0.313889 0.091406 0.122222 0.039062
0 0.772917 0.096875 0.143056 0.028125
0 0.215972 0.104688 0.054167 0.034375
0 0.149306 0.146094 0.084722 0.035937
0 0.215972 0.158984 0.054167 0.063281
0 0.325000 0.169141 0.144444 0.086719
0 0.475000 0.169141 0.144444 0.086719
0 0.624306 0.169141 0.143056 0.086719
0 0.772917 0.169141 0.143056 0.086719
0 0.879861 0.169141 0.051389 0.086719
0 0.142361 0.180859 0.070833 0.035156
0 0.287500 0.236719 0.063889 0.040625
0 0.219444 0.248047 0.047222 0.064844
0 0.372917 0.248047 0.040278 0.064844
0 0.332639 0.249609 0.048611 0.058594
0 0.624306 0.257031 0.143056 0.085938
0 0.772917 0.257031 0.143056 0.085938
0 0.886111 0.257031 0.066667 0.085938
0 0.475000 0.259766 0.144444 0.078906
0 0.288889 0.266016 0.066667 0.030469
0 0.152083 0.268750 0.093056 0.025000
0 0.365278 0.287500 0.041667 0.018750
0 0.516667 0.321094 0.052778 0.034375
0 0.325000 0.344531 0.144444 0.085938
0 0.624306 0.344531 0.143056 0.085938
0 0.772917 0.344531 0.143056 0.085938
0 0.890972 0.344531 0.076389 0.085938
0 0.156250 0.350391 0.187500 0.105469
0 0.675694 0.404297 0.031944 0.024219
0 0.627083 0.417969 0.098611 0.053125
0 0.175694 0.432422 0.143056 0.086719
0 0.325000 0.432422 0.144444 0.086719
0 0.475000 0.432422 0.144444 0.086719
0 0.771528 0.432422 0.140278 0.086719
0 0.895139 0.432422 0.084722 0.086719
0 0.624306 0.453516 0.143056 0.039844
0 0.668056 0.489063 0.047222 0.017188
0 0.872222 0.494141 0.041667 0.039844
0 0.761111 0.496875 0.166667 0.089063
0 0.921528 0.513281 0.048611 0.017188
0 0.175694 0.520312 0.143056 0.085938
0 0.475000 0.520312 0.144444 0.085938
0 0.886806 0.544922 0.068056 0.022656
0 0.374306 0.548828 0.037500 0.022656
0 0.928472 0.606250 0.065278 0.060937
0 0.175694 0.607812 0.143056 0.085938
0 0.325000 0.607812 0.144444 0.085938
0 0.475000 0.607812 0.144444 0.085938
0 0.624306 0.607812 0.143056 0.085938
0 0.772917 0.607812 0.143056 0.085938
0 0.869444 0.612891 0.030556 0.049219
0 0.899306 0.636719 0.095833 0.021875
0 0.944444 0.678125 0.055556 0.046875
0 0.175694 0.695703 0.143056 0.086719
0 0.325000 0.695703 0.144444 0.086719
0 0.475000 0.695703 0.144444 0.086719
0 0.624306 0.695703 0.143056 0.086719
0 0.740972 0.695703 0.073611 0.086719
0 0.896528 0.755469 0.087500 0.023438
0 0.772917 0.762500 0.143056 0.039062
0 0.175694 0.783594 0.143056 0.085938
0 0.325000 0.783594 0.144444 0.085938
0 0.475000 0.783594 0.144444 0.085938
0 0.950000 0.811328 0.055556 0.032031
0 0.659028 0.817578 0.068056 0.010156
0 0.500000 0.824219 0.022222 0.028125