0 0.620833 0.224219 0.216667 0.095312
0 0.797917 0.308203 0.204167 0.174219
0 0.723611 0.367188 0.338889 0.139063
0 0.562500 0.475781 0.233333 0.131250
0 0.784722 0.486719 0.230556 0.121875
0 0.508333 0.589453 0.136111 0.128906
0 0.771528 0.598828 0.220833 0.116406
0 0.477778 0.687500 0.016667 0.012500
0 0.765972 0.733594 0.243056 0.140625
0 0.561806 0.758594 0.023611 0.012500
0 0.752778 0.870313 0.244444 0.143750
1 0.545139 0.214844 0.065278 0.060937
1 0.691667 0.215625 0.086111 0.053125
1 0.610417 0.222266 0.270833 0.097656
1 0.801389 0.251172 0.083333 0.044531
1 0.768750 0.278906 0.051389 0.032813
1 0.839583 0.291797 0.068056 0.061719
1 0.627083 0.321875 0.154167 0.054688
1 0.776389 0.331641 0.077778 0.041406
1 0.564583 0.341016 0.026389 0.085156
1 0.852083 0.348828 0.037500 0.028906
1 0.591667 0.366406 0.061111 0.039062
1 0.830556 0.389844 0.075000 0.048438
1 0.600000 0.439063 0.116667 0.059375
1 0.784722 0.441406 0.058333 0.023438
1 0.633333 0.452734 0.047222 0.030469
1 0.543750 0.455469 0.065278 0.093750
1 0.610417 0.459766 0.095833 0.092969
1 0.673611 0.580078 0.444444 0.119531
1 0.561806 0.758594 0.020833 0.012500
1 0.781250 0.786328 0.329167 0.305469