0 0.349277 0.068168 0.120133 0.091307
0 0.629032 0.076610 0.132369 0.075672
0 0.646830 0.210757 0.078977 0.096310
0 0.341491 0.215447 0.151279 0.068168
0 0.352614 0.562852 0.144605 0.142589
0 0.647386 0.581301 0.109010 0.069418
0 0.615128 0.741088 0.215795 0.093809
0 0.319244 0.921826 0.131257 0.080050
0 0.681313 0.929018 0.087875 0.055660
1 0.941046 0.004378 0.015573 0.008755
1 0.359844 0.064728 0.145717 0.100688
1 0.636819 0.077548 0.154616 0.081301
1 0.598999 0.086617 0.076752 0.058161
1 0.661290 0.088180 0.056730 0.042527
1 0.359288 0.091307 0.097887 0.045028
1 0.605117 0.160725 0.013348 0.008755
1 0.641268 0.180113 0.054505 0.036273
1 0.314794 0.204503 0.095662 0.043777
1 0.645161 0.210757 0.082314 0.101313
1 0.344828 0.216385 0.153504 0.072545
1 0.300890 0.511882 0.050056 0.040650
1 0.648498 0.581301 0.113459 0.075672
1 0.380979 0.595997 0.076752 0.077548
1 0.636263 0.738899 0.197998 0.124453
1 0.318131 0.922452 0.142380 0.086304
1 0.676307 0.937148 0.104561 0.073171
1 0.691880 0.949969 0.024472 0.013759