0 0.675195 0.044090 0.202447 0.088180
0 0.327586 0.096310 0.110122 0.061288
0 0.914905 0.110694 0.061179 0.031270
0 0.922692 0.245466 0.096774 0.059412
0 0.652948 0.246091 0.166852 0.131957
0 0.675195 0.405253 0.175751 0.062539
0 0.386541 0.422764 0.216908 0.065041
0 0.338710 0.586304 0.110122 0.085679
0 0.651279 0.605378 0.121246 0.062539
0 0.402670 0.748280 0.100111 0.080675
0 0.626251 0.766417 0.124583 0.088180
0 0.389878 0.916823 0.083426 0.046279
0 0.650723 0.944653 0.175751 0.110694
1 0.829255 0.046904 0.016685 0.011257
1 0.085651 0.131019 0.008899 0.006879
1 0.093993 0.138524 0.018910 0.008130
1 0.109566 0.212008 0.010011 0.006254
1 0.104004 0.251407 0.021135 0.012508
1 0.691324 0.277674 0.056730 0.046279
1 0.637375 0.395560 0.073415 0.036898
1 0.676307 0.405253 0.153504 0.061288
1 0.324249 0.420263 0.092325 0.048780
1 0.358732 0.423077 0.163515 0.068168
1 0.953838 0.425578 0.021135 0.014384
1 0.979422 0.434021 0.025584 0.012508
1 0.177976 0.522827 0.017798 0.011257
1 0.973860 0.545341 0.030033 0.010006
1 0.348165 0.583177 0.109010 0.084428
1 0.339266 0.587242 0.131257 0.093809
1 0.360400 0.590682 0.086763 0.085679
1 0.651835 0.604753 0.131257 0.068793
1 0.986652 0.646341 0.015573 0.008130
1 0.403226 0.747655 0.098999 0.083177
1 0.063960 0.764228 0.021135 0.012508
1 0.592325 0.794872 0.221357 0.153846
1 0.415462 0.814884 0.094549 0.035022
1 0.257508 0.857724 0.012236 0.009381
1 0.123471 0.881801 0.015573 0.008755
1 0.617909 0.884928 0.012236 0.007505
1 0.646274 0.943089 0.180200 0.095059
1 0.097330 0.977799 0.194661 0.043152