0 0.320833 0.068750 0.086111 0.025000
0 0.193056 0.093750 0.155556 0.079687
0 0.512500 0.093750 0.155556 0.079687
0 0.672222 0.093750 0.158333 0.079687
0 0.808333 0.096875 0.102778 0.028125
0 0.352778 0.101172 0.158333 0.063281
0 0.153472 0.151172 0.068056 0.024219
0 0.226389 0.166406 0.080556 0.057813
0 0.359722 0.171875 0.175000 0.115625
0 0.512500 0.176563 0.155556 0.079687
0 0.672222 0.176563 0.158333 0.079687
0 0.831944 0.176563 0.155556 0.079687
0 0.148611 0.182031 0.055556 0.028125
0 0.231250 0.259375 0.070833 0.079687
0 0.352778 0.259375 0.158333 0.079687
0 0.512500 0.259375 0.155556 0.079687
0 0.672222 0.259375 0.158333 0.079687
0 0.831944 0.259375 0.155556 0.079687
0 0.160417 0.272656 0.081944 0.045312
0 0.352778 0.342187 0.158333 0.079687
0 0.512500 0.342187 0.155556 0.079687
0 0.672222 0.342187 0.158333 0.079687
0 0.831944 0.342187 0.155556 0.079687
0 0.156250 0.350391 0.187500 0.105469
0 0.193056 0.425000 0.155556 0.079687
0 0.352778 0.425000 0.158333 0.079687
0 0.512500 0.425000 0.155556 0.079687
0 0.672222 0.425000 0.158333 0.079687
0 0.831944 0.425000 0.155556 0.079687
0 0.749306 0.501172 0.193056 0.099219
0 0.189583 0.507812 0.043056 0.079687
0 0.352778 0.507812 0.158333 0.079687
0 0.512500 0.507812 0.155556 0.079687
0 0.831944 0.507812 0.155556 0.079687
0 0.241667 0.530469 0.047222 0.029687
0 0.193056 0.590625 0.155556 0.079687
0 0.352778 0.590625 0.158333 0.079687
0 0.512500 0.590625 0.155556 0.079687
0 0.672222 0.590625 0.158333 0.079687
0 0.838889 0.608594 0.097222 0.040625
0 0.831944 0.647656 0.155556 0.023438
0 0.193056 0.673438 0.155556 0.079687
0 0.352778 0.673438 0.158333 0.079687
0 0.512500 0.673438 0.155556 0.079687
0 0.672222 0.673438 0.158333 0.079687
0 0.831944 0.748828 0.155556 0.063281
0 0.193056 0.756250 0.155556 0.079687
0 0.352778 0.756250 0.158333 0.079687
0 0.512500 0.756250 0.155556 0.079687
0 0.672222 0.756250 0.158333 0.079687
0 0.185417 0.812500 0.068056 0.042188
0 0.308333 0.820312 0.158333 0.031250
0 0.500694 0.824219 0.023611 0.028125