0 0.675195 0.044090 0.202447 0.088180
0 0.891546 0.095685 0.103448 0.063790
0 0.327586 0.096310 0.112347 0.061288
0 0.923248 0.245466 0.097887 0.059412
0 0.652392 0.246404 0.167964 0.132583
0 0.675195 0.405253 0.175751 0.062539
0 0.388209 0.423077 0.222469 0.064415
0 0.341491 0.586304 0.117909 0.085679
0 0.651279 0.605378 0.121246 0.062539
0 0.402670 0.748280 0.100111 0.080675
0 0.624583 0.766417 0.125695 0.085679
0 0.390434 0.916823 0.084538 0.045028
0 0.650167 0.944653 0.174638 0.110694
1 0.086207 0.131019 0.010011 0.006879
1 0.093993 0.138524 0.018910 0.008130
1 0.109566 0.212008 0.010011 0.006254
1 0.104004 0.252033 0.021135 0.013759
1 0.691324 0.277674 0.056730 0.046279
1 0.041157 0.310194 0.022247 0.007505
1 0.637931 0.395560 0.074527 0.036898
1 0.676307 0.405253 0.153504 0.061288
1 0.358732 0.423077 0.163515 0.068168
1 0.953838 0.425891 0.021135 0.015009
1 0.979978 0.434021 0.024472 0.011257
1 0.177419 0.522201 0.016685 0.010006
1 0.965517 0.545966 0.013348 0.007505
1 0.347052 0.583490 0.111235 0.083802
1 0.338710 0.587242 0.130145 0.093809
1 0.358732 0.590682 0.087875 0.085679
1 0.651835 0.604753 0.131257 0.068793
1 0.403226 0.747655 0.098999 0.083177
1 0.628476 0.774859 0.093437 0.065041
1 0.595106 0.794559 0.213571 0.153221
1 0.415462 0.813008 0.094549 0.037523
1 0.649611 0.943089 0.173526 0.095059