0 0.609722 0.104688 0.255556 0.100000
0 0.341667 0.123438 0.177778 0.100000
0 0.318056 0.249219 0.188889 0.140625
0 0.593750 0.255859 0.093056 0.052344
0 0.299306 0.384766 0.218056 0.139844
0 0.578472 0.434766 0.098611 0.052344
0 0.323611 0.542188 0.263889 0.143750
0 0.599306 0.557422 0.231944 0.163281
0 0.584722 0.717969 0.202778 0.189062
0 0.293750 0.900000 0.276389 0.190625
0 0.558333 0.901953 0.280556 0.196094
1 0.609722 0.104688 0.238889 0.093750
1 0.341667 0.123438 0.166667 0.093750
1 0.593750 0.256641 0.095833 0.055469
1 0.285417 0.373047 0.193056 0.132031
1 0.579861 0.433984 0.098611 0.055469
1 0.658333 0.518750 0.069444 0.045312
1 0.559722 0.521484 0.105556 0.063281
1 0.225000 0.530859 0.063889 0.042969
1 0.320139 0.533203 0.254167 0.125781
1 0.548611 0.558594 0.075000 0.043750
1 0.558333 0.594141 0.063889 0.025781
1 0.611806 0.604297 0.059722 0.033594
1 0.629167 0.714453 0.202778 0.127344
1 0.628472 0.762891 0.087500 0.033594
1 0.274306 0.921094 0.206944 0.115625
1 0.570833 0.932031 0.208333 0.126562