0 0.830556 0.064062 0.055556 0.031250
0 0.838194 0.094531 0.073611 0.012500
0 0.786806 0.107813 0.018056 0.028125
0 0.730556 0.133984 0.025000 0.055469
0 0.838194 0.135547 0.073611 0.072656
0 0.729167 0.185938 0.022222 0.014063
0 0.838194 0.196875 0.073611 0.039062
0 0.839583 0.269141 0.054167 0.019531
0 0.731944 0.279297 0.027778 0.021094
0 0.738889 0.310547 0.047222 0.039844
0 0.777083 0.397266 0.040278 0.055469
0 0.838194 0.403906 0.073611 0.070312
0 0.724306 0.473438 0.048611 0.028125
0 0.756944 0.517969 0.083333 0.062500
0 0.825694 0.519141 0.045833 0.058594
0 0.762500 0.551562 0.072222 0.031250
0 0.607639 0.630078 0.170833 0.122656
0 0.794444 0.794531 0.166667 0.096875
1 0.582639 0.399609 0.081944 0.038281
1 0.606944 0.433594 0.061111 0.029687
1 0.763194 0.551562 0.068056 0.031250