0 0.195139 0.143359 0.265278 0.138281
0 0.711111 0.159375 0.152778 0.126562
0 0.508333 0.197656 0.169444 0.185938
0 0.179861 0.249219 0.045833 0.025000
0 0.327083 0.252344 0.198611 0.148438
0 0.455556 0.266016 0.175000 0.124219
0 0.695833 0.326953 0.086111 0.078906
0 0.265278 0.335547 0.033333 0.021094
0 0.116667 0.369922 0.216667 0.114844
0 0.516667 0.397266 0.369444 0.096094
0 0.795139 0.519141 0.076389 0.042969
0 0.038194 0.523047 0.034722 0.022656
0 0.303472 0.568750 0.204167 0.190625
0 0.610417 0.617969 0.187500 0.070312
0 0.529167 0.655469 0.044444 0.028125
0 0.805556 0.662500 0.061111 0.034375
0 0.251389 0.676953 0.033333 0.019531
0 0.057639 0.697266 0.109722 0.111719
0 0.545139 0.734766 0.012500 0.008594
0 0.722222 0.735156 0.127778 0.060937
0 0.472222 0.742188 0.055556 0.034375
0 0.222917 0.779687 0.273611 0.090625
0 0.716667 0.872266 0.075000 0.063281
0 0.047917 0.930469 0.095833 0.057813
0 0.750694 0.932031 0.023611 0.015625
0 0.539583 0.934766 0.026389 0.011719
0 0.285417 0.950391 0.056944 0.038281
1 0.059028 0.077344 0.023611 0.010937
1 0.238194 0.078906 0.018056 0.009375
1 0.056250 0.086719 0.009722 0.006250
1 0.135417 0.099609 0.048611 0.028906
1 0.270139 0.100781 0.023611 0.021875
1 0.235417 0.101562 0.034722 0.018750
1 0.697917 0.105469 0.020833 0.010937
1 0.277778 0.107422 0.025000 0.008594
1 0.697917 0.108594 0.012500 0.006250
1 0.353472 0.112109 0.059722 0.061719
1 0.161806 0.116016 0.015278 0.008594
1 0.658333 0.117969 0.033333 0.017188
1 0.193750 0.119531 0.031944 0.020313
1 0.658333 0.119922 0.033333 0.021094
1 0.259722 0.126172 0.013889 0.008594
1 0.555556 0.134766 0.066667 0.061719
1 0.436806 0.138281 0.009722 0.006250
1 0.468750 0.143750 0.031944 0.023438
1 0.468750 0.150000 0.031944 0.035937
1 0.667361 0.158594 0.026389 0.015625
1 0.152778 0.164453 0.072222 0.038281
1 0.250694 0.169141 0.031944 0.017969
1 0.500694 0.171094 0.029167 0.020313
1 0.317361 0.171875 0.020833 0.012500
1 0.774306 0.173828 0.018056 0.014844
1 0.251389 0.175000 0.013889 0.006250
1 0.502778 0.176172 0.013889 0.010156
1 0.510417 0.175781 0.031944 0.012500
1 0.310417 0.176953 0.012500 0.007031
1 0.775694 0.178516 0.020833 0.024219
1 0.692361 0.178906 0.031944 0.014063
1 0.518056 0.183203 0.019444 0.013281
1 0.761806 0.183203 0.012500 0.008594
1 0.513889 0.183594 0.013889 0.007812
1 0.679861 0.184766 0.095833 0.071094
1 0.583333 0.186328 0.008333 0.008594
1 0.100000 0.186719 0.036111 0.023438
1 0.571528 0.186719 0.012500 0.007812
1 0.369444 0.188281 0.022222 0.015625
1 0.538889 0.189062 0.011111 0.006250
1 0.533333 0.191016 0.016667 0.008594
1 0.168750 0.191797 0.018056 0.010156
1 0.125694 0.192969 0.009722 0.006250
1 0.437500 0.197656 0.027778 0.015625
1 0.466667 0.197656 0.044444 0.018750
1 0.117361 0.199609 0.015278 0.008594
1 0.745833 0.199609 0.030556 0.021094
1 0.384722 0.200000 0.022222 0.014063
1 0.361111 0.202344 0.013889 0.009375
1 0.734028 0.202344 0.006944 0.007812
1 0.745139 0.203516 0.029167 0.013281
1 0.375000 0.210938 0.011111 0.007812
1 0.249306 0.211719 0.045833 0.031250
1 0.716667 0.212109 0.027778 0.013281
1 0.712500 0.212500 0.013889 0.012500
1 0.096528 0.214453 0.029167 0.022656
1 0.666667 0.215234 0.011111 0.007031
1 0.095139 0.216406 0.034722 0.020313
1 0.312500 0.216406 0.036111 0.025000
1 0.663194 0.217188 0.018056 0.010937
1 0.281250 0.221875 0.031944 0.017188
1 0.427778 0.226953 0.011111 0.007031
1 0.281944 0.227344 0.111111 0.065625
1 0.519444 0.228125 0.022222 0.012500
1 0.523611 0.229687 0.033333 0.017188
1 0.432639 0.232422 0.012500 0.007031
1 0.482639 0.233203 0.029167 0.010156
1 0.497917 0.237109 0.026389 0.017969
1 0.518750 0.236719 0.015278 0.007812
1 0.268750 0.242969 0.023611 0.012500
1 0.173611 0.248828 0.033333 0.025781
1 0.196528 0.251172 0.012500 0.011719
1 0.173611 0.254688 0.033333 0.014063
1 0.404167 0.265625 0.058333 0.048438
1 0.674306 0.296875 0.029167 0.017188
1 0.518056 0.297656 0.047222 0.021875
1 0.297222 0.298438 0.069444 0.053125
1 0.695139 0.302344 0.034722 0.018750
1 0.687500 0.303516 0.050000 0.030469
1 0.528472 0.304688 0.018056 0.007812
1 0.288889 0.308594 0.083333 0.073438
1 0.497222 0.311328 0.030556 0.017969
1 0.502083 0.314063 0.023611 0.017188
1 0.493056 0.316016 0.041667 0.024219
1 0.475694 0.321875 0.015278 0.009375
1 0.102778 0.323047 0.027778 0.014844
1 0.318750 0.323437 0.015278 0.009375
1 0.002083 0.329297 0.004167 0.007031
1 0.269444 0.328906 0.011111 0.007812
1 0.084028 0.332031 0.029167 0.014063
1 0.272222 0.336719 0.013889 0.007812
1 0.118056 0.337500 0.013889 0.007812
1 0.268056 0.338672 0.025000 0.013281
1 0.736111 0.339453 0.013889 0.005469
1 0.735417 0.341797 0.018056 0.010156
1 0.354167 0.366797 0.041667 0.025781
1 0.351389 0.367578 0.036111 0.024219
1 0.572222 0.368359 0.008333 0.005469
1 0.581250 0.369922 0.043056 0.021094
1 0.555556 0.370703 0.016667 0.007031
1 0.347222 0.371094 0.025000 0.017188
1 0.647917 0.371484 0.020833 0.016406
1 0.600694 0.373437 0.137500 0.043750
1 0.117361 0.381641 0.154167 0.042969
1 0.202778 0.386328 0.038889 0.021094
1 0.647917 0.387109 0.020833 0.014844
1 0.654167 0.387109 0.033333 0.014844
1 0.491667 0.389844 0.047222 0.025000
1 0.588889 0.391016 0.019444 0.008594
1 0.048611 0.397266 0.080556 0.041406
1 0.139583 0.400781 0.015278 0.009375
1 0.100694 0.403125 0.012500 0.006250
1 0.570833 0.408203 0.030556 0.014844
1 0.201389 0.408594 0.016667 0.007812
1 0.341667 0.410156 0.011111 0.009375
1 0.507639 0.410156 0.162500 0.068750
1 0.068750 0.417187 0.020833 0.010937
1 0.510417 0.419531 0.040278 0.020313
1 0.561111 0.422266 0.016667 0.008594
1 0.408333 0.425000 0.005556 0.034375
1 0.159722 0.426172 0.013889 0.007031
1 0.375000 0.425781 0.063889 0.029687
1 0.390972 0.428125 0.037500 0.025000
1 0.438889 0.430859 0.016667 0.011719
1 0.362500 0.505859 0.075000 0.060156
1 0.801389 0.509375 0.033333 0.018750
1 0.770139 0.514844 0.020833 0.010937
1 0.043750 0.516797 0.020833 0.010156
1 0.773611 0.518750 0.025000 0.017188
1 0.795139 0.519922 0.073611 0.042969
1 0.033333 0.524609 0.025000 0.019531
1 0.353472 0.556641 0.020833 0.011719
1 0.257639 0.557422 0.015278 0.008594
1 0.347917 0.564844 0.051389 0.026562
1 0.335417 0.566406 0.026389 0.012500
1 0.268056 0.571094 0.038889 0.023438
1 0.245139 0.573047 0.087500 0.041406
1 0.331944 0.576172 0.013889 0.007031
1 0.683333 0.590625 0.027778 0.015625
1 0.587500 0.593359 0.011111 0.008594
1 0.575000 0.593750 0.013889 0.007812
1 0.661806 0.594531 0.026389 0.018750
1 0.675000 0.596484 0.052778 0.025781
1 0.275694 0.603125 0.040278 0.026562
1 0.693750 0.603906 0.018056 0.010937
1 0.316667 0.608203 0.036111 0.024219
1 0.604167 0.641016 0.013889 0.011719
1 0.622917 0.640625 0.026389 0.018750
1 0.352083 0.644922 0.115278 0.047656
1 0.515972 0.647656 0.020833 0.012500
1 0.525694 0.649609 0.037500 0.014844
1 0.793056 0.650781 0.022222 0.015625
1 0.086111 0.657422 0.036111 0.030469
1 0.540278 0.660937 0.022222 0.012500
1 0.814583 0.660937 0.043056 0.023438
1 0.066667 0.662500 0.033333 0.020313
1 0.530556 0.662500 0.041667 0.015625
1 0.100000 0.666406 0.022222 0.012500
1 0.247917 0.669922 0.012500 0.005469
1 0.793750 0.669922 0.037500 0.017969
1 0.250694 0.677344 0.031944 0.017188
1 0.052083 0.723047 0.037500 0.024219
1 0.040972 0.730859 0.068056 0.042969
1 0.467361 0.733594 0.029167 0.017188
1 0.686806 0.735547 0.062500 0.061719
1 0.062500 0.739453 0.019444 0.013281
1 0.469444 0.740625 0.050000 0.031250
1 0.484722 0.744141 0.030556 0.024219
1 0.470833 0.750000 0.027778 0.017188
1 0.772917 0.751563 0.026389 0.012500
1 0.763889 0.752344 0.022222 0.012500
1 0.766667 0.753516 0.016667 0.008594
1 0.753472 0.756641 0.015278 0.008594
1 0.325694 0.766016 0.065278 0.036719
1 0.311806 0.770703 0.029167 0.019531
1 0.134028 0.771875 0.012500 0.007812
1 0.335417 0.772266 0.037500 0.021094
1 0.232639 0.774609 0.087500 0.080469
1 0.141667 0.777344 0.011111 0.006250
1 0.173611 0.786719 0.019444 0.010937
1 0.129167 0.806250 0.038889 0.018750
1 0.165278 0.809766 0.033333 0.021094
1 0.099306 0.818750 0.012500 0.007812
1 0.111806 0.820312 0.012500 0.007812
1 0.738889 0.844922 0.016667 0.010156
1 0.721528 0.848047 0.023611 0.011719
1 0.697222 0.854297 0.019444 0.008594
1 0.727083 0.857812 0.029167 0.017188
1 0.697917 0.871094 0.029167 0.017188
1 0.718750 0.871875 0.070833 0.065625
1 0.016667 0.917188 0.033333 0.039062
1 0.083333 0.920312 0.016667 0.010937
1 0.029861 0.931250 0.059722 0.062500
1 0.750694 0.932031 0.020833 0.015625
1 0.534722 0.933984 0.016667 0.008594
1 0.747917 0.933984 0.018056 0.011719
1 0.545139 0.936719 0.012500 0.006250
1 0.295139 0.949219 0.076389 0.043750