0 0.619021 0.084740 0.067853 0.035647
0 0.323137 0.210444 0.179088 0.073171
0 0.634038 0.390244 0.088988 0.068793
0 0.388765 0.412445 0.127920 0.083177
0 0.344828 0.535647 0.153504 0.139462
0 0.682425 0.567542 0.027809 0.038149
0 0.668521 0.764228 0.242492 0.158849
1 0.345384 0.020325 0.016685 0.014384
1 0.619577 0.084115 0.071190 0.035647
1 0.313682 0.209819 0.211346 0.080675
1 0.190211 0.229831 0.073415 0.094434
1 0.991657 0.238899 0.014461 0.008755
1 0.978309 0.243277 0.012236 0.010006
1 0.375973 0.381488 0.097887 0.020013
1 0.631813 0.388055 0.091212 0.076923
1 0.417130 0.411820 0.028921 0.019387
1 0.394327 0.412758 0.139043 0.091307
1 0.443826 0.428705 0.028921 0.019387
1 0.404894 0.444966 0.026696 0.014384
1 0.025028 0.478737 0.050056 0.024390
1 0.309232 0.479675 0.035595 0.022514
1 0.293660 0.501563 0.031146 0.026266
1 0.324805 0.554722 0.111235 0.051282
1 0.342603 0.565666 0.157953 0.081926
1 0.680200 0.568480 0.027809 0.038774
1 0.668521 0.764228 0.224694 0.147592
1 0.023359 0.996248 0.013348 0.006254