0 0.701389 0.155469 0.366667 0.117188
0 0.552083 0.264453 0.048611 0.119531
0 0.777083 0.311719 0.084722 0.025000
0 0.893056 0.335547 0.047222 0.030469
0 0.562500 0.351562 0.150000 0.085938
0 0.811111 0.452734 0.338889 0.124219
0 0.316667 0.502734 0.180556 0.092969
0 0.704861 0.573047 0.323611 0.125781
1 0.701389 0.155469 0.341667 0.109375
1 0.528472 0.185547 0.095833 0.052344
1 0.795833 0.247266 0.080556 0.033594
1 0.570139 0.267188 0.029167 0.021875
1 0.429861 0.294141 0.048611 0.060156
1 0.781250 0.311719 0.076389 0.025000
1 0.444444 0.371875 0.044444 0.093750
1 0.695833 0.381641 0.363889 0.122656
1 0.811111 0.452734 0.313889 0.116406
1 0.348611 0.474219 0.044444 0.025000
1 0.687500 0.532422 0.238889 0.041406
1 0.810417 0.564453 0.043056 0.024219
1 0.671528 0.586328 0.040278 0.025781
1 0.756944 0.600391 0.050000 0.025781