0 0.717361 0.217578 0.248611 0.110156
0 0.495833 0.220703 0.316667 0.114844
0 0.440278 0.380859 0.275000 0.092969
0 0.665278 0.382422 0.316667 0.099219
0 0.359722 0.506641 0.063889 0.032031
0 0.593750 0.549609 0.237500 0.046094
0 0.960417 0.609766 0.076389 0.189844
0 0.678472 0.675000 0.348611 0.103125
0 0.288194 0.676172 0.165278 0.097656
0 0.453472 0.703906 0.062500 0.057813
0 0.597222 0.764062 0.013889 0.010937
0 0.443056 0.783203 0.016667 0.010156
0 0.152778 0.790234 0.041667 0.021094
0 0.788889 0.791797 0.047222 0.030469
0 0.292361 0.793750 0.031944 0.017188
0 0.592361 0.798828 0.018056 0.013281
0 0.343056 0.801953 0.022222 0.013281
0 0.538889 0.805469 0.050000 0.057813
0 0.656944 0.812500 0.025000 0.012500
0 0.738889 0.825391 0.136111 0.075781
0 0.255556 0.837891 0.063889 0.053906
0 0.137500 0.844141 0.027778 0.017969
0 0.372917 0.850781 0.084722 0.054688
0 0.439583 0.853516 0.068056 0.041406
0 0.646528 0.855469 0.134722 0.060937
0 0.559028 0.859375 0.023611 0.010937
0 0.636111 0.885938 0.097222 0.042188
0 0.277778 0.887500 0.025000 0.014063
0 0.530556 0.895703 0.069444 0.075781
0 0.336806 0.899219 0.020833 0.009375
0 0.706944 0.906641 0.130556 0.066406
0 0.357639 0.919922 0.062500 0.042969
0 0.606250 0.939063 0.023611 0.014063
0 0.183333 0.941797 0.041667 0.019531
0 0.702083 0.941406 0.059722 0.031250
0 0.279861 0.944531 0.043056 0.026562
0 0.434028 0.962109 0.034722 0.022656
0 0.328472 0.964844 0.023611 0.014063
1 0.511111 0.176172 0.041667 0.022656
1 0.803472 0.197266 0.079167 0.057031
1 0.622222 0.202734 0.075000 0.036719
1 0.702083 0.203906 0.084722 0.045312
1 0.470833 0.216797 0.208333 0.108594
1 0.461806 0.218359 0.031944 0.016406
1 0.361111 0.227734 0.047222 0.028906
1 0.426389 0.229297 0.075000 0.036719
1 0.348611 0.232422 0.072222 0.039844
1 0.477083 0.240234 0.195833 0.061719
1 0.358333 0.243359 0.041667 0.014844
1 0.700694 0.247266 0.081944 0.038281
1 0.609722 0.249219 0.075000 0.048438
1 0.777083 0.252734 0.079167 0.035156
1 0.707639 0.343750 0.034722 0.012500
1 0.509028 0.348047 0.029167 0.019531
1 0.620833 0.350391 0.075000 0.035156
1 0.352083 0.351172 0.029167 0.024219
1 0.330556 0.353906 0.027778 0.015625
1 0.688889 0.355859 0.038889 0.017969
1 0.781944 0.356250 0.061111 0.032813
1 0.541667 0.357422 0.047222 0.041406
1 0.531944 0.358594 0.069444 0.045312
1 0.713194 0.362500 0.018056 0.010937
1 0.795833 0.362500 0.033333 0.017188
1 0.332639 0.364844 0.026389 0.017188
1 0.544444 0.367188 0.038889 0.020313
1 0.320833 0.395703 0.025000 0.019531
1 0.349306 0.396094 0.029167 0.015625
1 0.516667 0.398828 0.025000 0.013281
1 0.510417 0.399219 0.037500 0.014063
1 0.594444 0.400781 0.016667 0.009375
1 0.539583 0.401562 0.029167 0.015625
1 0.438889 0.402734 0.027778 0.017969
1 0.687500 0.402344 0.019444 0.010937
1 0.695139 0.404687 0.012500 0.010937
1 0.787500 0.406641 0.058333 0.046094
1 0.327778 0.407422 0.036111 0.019531
1 0.591667 0.407422 0.011111 0.005469
1 0.579861 0.408203 0.015278 0.008594
1 0.704167 0.407813 0.011111 0.006250
1 0.420139 0.408594 0.018056 0.014063
1 0.540972 0.409766 0.026389 0.028906
1 0.450000 0.410547 0.038889 0.033594
1 0.693056 0.410547 0.011111 0.007031
1 0.506944 0.411328 0.044444 0.019531
1 0.349306 0.411719 0.023611 0.014063
1 0.515278 0.412109 0.036111 0.019531
1 0.356250 0.504297 0.056944 0.027344
1 0.376389 0.506250 0.033333 0.017188
1 0.344444 0.510547 0.033333 0.014844
1 0.376389 0.510547 0.033333 0.024219
1 0.358333 0.518359 0.005556 0.003906
1 0.524306 0.535937 0.029167 0.015625
1 0.496528 0.541406 0.037500 0.015625
1 0.619444 0.544141 0.063889 0.016406
1 0.613194 0.544531 0.081944 0.017188
1 0.528472 0.546094 0.026389 0.018750
1 0.675694 0.547266 0.054167 0.011719
1 0.507639 0.549219 0.056944 0.025000
1 0.850694 0.551172 0.009722 0.002344
1 0.582639 0.556641 0.029167 0.019531
1 0.640278 0.556250 0.144444 0.042188
1 0.685417 0.567578 0.026389 0.014844
1 0.676389 0.647656 0.041667 0.021875
1 0.692361 0.648047 0.079167 0.039844
1 0.715972 0.648438 0.029167 0.020313
1 0.256250 0.651953 0.065278 0.039844
1 0.532639 0.653516 0.018056 0.011719
1 0.800000 0.654687 0.102778 0.040625
1 0.338194 0.656641 0.065278 0.058594
1 0.550694 0.656641 0.023611 0.017969
1 0.267361 0.659766 0.037500 0.019531
1 0.516667 0.660547 0.022222 0.011719
1 0.531944 0.660156 0.016667 0.015625
1 0.702083 0.686328 0.029167 0.013281
1 0.627083 0.692187 0.026389 0.014063
1 0.244444 0.697266 0.069444 0.041406
1 0.620139 0.701562 0.262500 0.050000
1 0.700694 0.701562 0.090278 0.040625
1 0.436111 0.708594 0.088889 0.040625
1 0.350000 0.710938 0.072222 0.046875
1 0.636111 0.712891 0.038889 0.021094
1 0.440972 0.780859 0.012500 0.005469
1 0.806250 0.781250 0.012500 0.007812
1 0.164583 0.785547 0.020833 0.011719
1 0.443056 0.785156 0.013889 0.006250
1 0.447222 0.785547 0.008333 0.005469
1 0.286806 0.788281 0.018056 0.015625
1 0.523611 0.789453 0.008333 0.005469
1 0.543750 0.790234 0.023611 0.019531
1 0.681944 0.789844 0.008333 0.004687
1 0.686111 0.793359 0.019444 0.011719
1 0.704167 0.792969 0.008333 0.006250
1 0.147917 0.794141 0.031944 0.011719
1 0.541667 0.793750 0.038889 0.034375
1 0.689583 0.794141 0.009722 0.005469
1 0.588889 0.795703 0.011111 0.005469
1 0.783333 0.795703 0.008333 0.003906
1 0.707639 0.796094 0.018056 0.012500
1 0.298611 0.797266 0.019444 0.010156
1 0.350694 0.798828 0.006944 0.005469
1 0.700000 0.798828 0.008333 0.003906
1 0.340278 0.799609 0.013889 0.007031
1 0.543056 0.799219 0.036111 0.025000
1 0.595139 0.801172 0.012500 0.007031
1 0.786111 0.802344 0.027778 0.009375
1 0.336806 0.805078 0.006944 0.005469
1 0.346528 0.805078 0.012500 0.007031
1 0.727083 0.807031 0.023611 0.010937
1 0.523611 0.808203 0.011111 0.005469
1 0.523611 0.811328 0.011111 0.011719
1 0.235417 0.815625 0.020833 0.009375
1 0.718056 0.817187 0.033333 0.029687
1 0.765278 0.817578 0.016667 0.010156
1 0.250694 0.819141 0.006944 0.003906
1 0.544444 0.818750 0.041667 0.028125
1 0.721528 0.819531 0.023611 0.012500
1 0.549306 0.821875 0.029167 0.021875
1 0.794444 0.826562 0.019444 0.010937
1 0.248611 0.830469 0.041667 0.020313
1 0.396528 0.830469 0.018056 0.012500
1 0.777083 0.830469 0.026389 0.020313
1 0.325000 0.835156 0.013889 0.009375
1 0.252083 0.835938 0.043056 0.017188
1 0.270139 0.837500 0.031944 0.015625
1 0.142361 0.839453 0.012500 0.007031
1 0.672917 0.842578 0.015278 0.013281
1 0.604861 0.843359 0.029167 0.008594
1 0.381250 0.844922 0.015278 0.008594
1 0.402778 0.844531 0.016667 0.012500
1 0.607639 0.846875 0.037500 0.015625
1 0.138194 0.848047 0.026389 0.010156
1 0.627083 0.848437 0.018056 0.015625
1 0.594444 0.849609 0.008333 0.003906
1 0.770139 0.849609 0.009722 0.005469
1 0.347222 0.852734 0.013889 0.008594
1 0.261111 0.853125 0.011111 0.007812
1 0.650694 0.853906 0.020833 0.010937
1 0.373611 0.855078 0.016667 0.010156
1 0.436806 0.855078 0.015278 0.007031
1 0.441667 0.854688 0.022222 0.006250
1 0.750000 0.854688 0.008333 0.006250
1 0.269444 0.855859 0.008333 0.003906
1 0.661806 0.855469 0.037500 0.012500
1 0.259028 0.856641 0.018056 0.014844
1 0.405556 0.857422 0.011111 0.008594
1 0.694444 0.857422 0.008333 0.003906
1 0.355556 0.858203 0.008333 0.005469
1 0.761806 0.858594 0.029167 0.012500
1 0.771528 0.858594 0.040278 0.012500
1 0.346528 0.859375 0.015278 0.009375
1 0.559028 0.859766 0.020833 0.010156
1 0.401389 0.862109 0.011111 0.007031
1 0.697917 0.864062 0.020833 0.009375
1 0.695833 0.865234 0.013889 0.007031
1 0.450000 0.867188 0.027778 0.010937
1 0.454167 0.867578 0.036111 0.011719
1 0.356944 0.868359 0.016667 0.008594
1 0.512500 0.869922 0.027778 0.022656
1 0.636111 0.869922 0.013889 0.008594
1 0.338194 0.872266 0.015278 0.010156
1 0.622917 0.878125 0.018056 0.009375
1 0.642361 0.880469 0.020833 0.012500
1 0.277778 0.882812 0.008333 0.004687
1 0.693750 0.883203 0.018056 0.014844
1 0.516667 0.884766 0.036111 0.014844
1 0.522222 0.887109 0.022222 0.017969
1 0.667361 0.888672 0.012500 0.005469
1 0.270833 0.889453 0.011111 0.007031
1 0.692361 0.889453 0.015278 0.008594
1 0.281250 0.890234 0.015278 0.008594
1 0.606250 0.891016 0.006944 0.003906
1 0.729167 0.891797 0.030556 0.013281
1 0.531250 0.892969 0.037500 0.020313
1 0.592361 0.894141 0.009722 0.005469
1 0.343750 0.894531 0.006944 0.004687
1 0.665972 0.894531 0.023611 0.010937
1 0.520833 0.895312 0.033333 0.021875
1 0.601389 0.895703 0.011111 0.007031
1 0.659722 0.895312 0.011111 0.007812
1 0.615278 0.898047 0.013889 0.013281
1 0.527778 0.898828 0.019444 0.013281
1 0.332639 0.899219 0.012500 0.009375
1 0.607639 0.899219 0.006944 0.004687
1 0.340972 0.900000 0.012500 0.006250
1 0.750000 0.901172 0.008333 0.003906
1 0.664583 0.903516 0.009722 0.007031
1 0.519444 0.905469 0.025000 0.018750
1 0.556944 0.908203 0.016667 0.011719
1 0.513194 0.909375 0.009722 0.007812
1 0.743750 0.911719 0.048611 0.018750
1 0.738889 0.912891 0.036111 0.014844
1 0.552778 0.917578 0.025000 0.022656
1 0.346528 0.921094 0.015278 0.009375
1 0.381250 0.928516 0.006944 0.003906
1 0.538889 0.930469 0.013889 0.006250
1 0.550694 0.931250 0.012500 0.006250
1 0.709028 0.931641 0.018056 0.011719
1 0.759722 0.931250 0.016667 0.010937
1 0.372917 0.932422 0.009722 0.005469
1 0.691667 0.933203 0.008333 0.003906
1 0.195139 0.933984 0.009722 0.005469
1 0.715972 0.934375 0.031944 0.017188
1 0.381944 0.935547 0.011111 0.008594
1 0.268750 0.936719 0.020833 0.012500
1 0.291667 0.937109 0.016667 0.011719
1 0.706250 0.937109 0.051389 0.022656
1 0.192361 0.938672 0.026389 0.016406
1 0.371528 0.938281 0.006944 0.004687
1 0.605556 0.939063 0.022222 0.014063
1 0.193750 0.939844 0.018056 0.009375
1 0.772917 0.940625 0.009722 0.004687
1 0.687500 0.941797 0.027778 0.011719
1 0.687500 0.945703 0.030556 0.021094
1 0.676389 0.947266 0.008333 0.003906
1 0.167361 0.947656 0.026389 0.017188
1 0.432639 0.957031 0.009722 0.006250
1 0.327778 0.963281 0.019444 0.015625
1 0.427083 0.968359 0.018056 0.010156
1 0.438194 0.967969 0.026389 0.009375