0 0.547831 0.107255 0.136819 0.108193
0 0.786986 0.155410 0.139043 0.069418
0 0.556174 0.280488 0.153504 0.091932
0 0.781424 0.292683 0.116796 0.078799
0 0.518354 0.422139 0.224694 0.063790
0 0.738598 0.443402 0.235818 0.156348
0 0.512236 0.566604 0.216908 0.112570
0 0.783092 0.575672 0.209121 0.115697
0 0.754171 0.758912 0.262514 0.144465
0 0.688543 0.890869 0.193548 0.136961
1 0.548387 0.106942 0.135706 0.110069
1 0.561735 0.126642 0.104561 0.069418
1 0.789766 0.143840 0.053393 0.046279
1 0.785873 0.153221 0.143493 0.073796
1 0.812013 0.153846 0.086763 0.066291
1 0.793660 0.169168 0.041157 0.039400
1 0.771969 0.187305 0.088988 0.009381
1 0.570078 0.254221 0.127920 0.043152
1 0.585095 0.266729 0.091212 0.066917
1 0.543382 0.270482 0.085651 0.040650
1 0.804783 0.272045 0.067853 0.037523
1 0.756396 0.284866 0.057842 0.026892
1 0.550612 0.293308 0.135706 0.063790
1 0.771413 0.309568 0.096774 0.041276
1 0.526696 0.418074 0.096774 0.051907
1 0.510567 0.421513 0.142380 0.062539
1 0.774194 0.434021 0.140156 0.081301
1 0.795328 0.444653 0.097887 0.050031
1 0.774750 0.445591 0.136819 0.056911
1 0.805339 0.476861 0.080089 0.035647
1 0.785873 0.562852 0.132369 0.066291
1 0.512792 0.565041 0.064516 0.050657
1 0.532814 0.572858 0.106785 0.071295
1 0.463293 0.573796 0.119021 0.086929
1 0.763626 0.577236 0.081201 0.036273
1 0.818131 0.580363 0.056730 0.032520
1 0.433259 0.582552 0.058954 0.069418
1 0.480534 0.587867 0.097887 0.058787
1 0.786429 0.597248 0.109010 0.070044
1 0.764739 0.757348 0.239155 0.123827
1 0.665740 0.906504 0.065628 0.039400
1 0.724138 0.913696 0.055617 0.047530
1 0.675751 0.921201 0.154616 0.078799
1 0.694661 0.940901 0.058954 0.033146