0 0.619021 0.084740 0.067853 0.035647
0 0.323693 0.210444 0.180200 0.073171
0 0.634038 0.390557 0.088988 0.068168
0 0.388765 0.412133 0.127920 0.082552
0 0.344828 0.535647 0.153504 0.139462
0 0.681869 0.567542 0.028921 0.038149
0 0.666296 0.764540 0.249166 0.159475
1 0.345384 0.020325 0.016685 0.014384
1 0.619577 0.084115 0.071190 0.035647
1 0.313682 0.209819 0.211346 0.080675
1 0.992214 0.237961 0.013348 0.006879
1 0.978309 0.243277 0.012236 0.010006
1 0.375973 0.381488 0.097887 0.020013
1 0.632369 0.388368 0.092325 0.076298
1 0.417130 0.411507 0.028921 0.020013
1 0.394327 0.412133 0.139043 0.091307
1 0.443826 0.428705 0.028921 0.019387
1 0.404894 0.444966 0.026696 0.014384
1 0.309232 0.479675 0.035595 0.021263
1 0.293660 0.501251 0.031146 0.025641
1 0.324805 0.554722 0.111235 0.051282
1 0.343159 0.565666 0.156841 0.081926
1 0.680200 0.568480 0.027809 0.038774
1 0.666296 0.764540 0.231368 0.148218
1 0.023359 0.996248 0.013348 0.006254