0 0.232481 0.094121 0.055617 0.025641
0 0.124027 0.152283 0.030033 0.019387
0 0.532814 0.173546 0.055617 0.015635
0 0.275862 0.182301 0.102336 0.064415
0 0.424360 0.182614 0.018910 0.022514
0 0.759177 0.208255 0.092325 0.057536
0 0.122358 0.209193 0.062291 0.024390
0 0.335929 0.221076 0.044494 0.013133
0 0.109010 0.232958 0.037820 0.036898
0 0.716352 0.239837 0.044494 0.015635
0 0.809789 0.247342 0.189099 0.025641
0 0.115128 0.263915 0.038932 0.021263
0 0.222469 0.276110 0.022247 0.034396
0 0.311457 0.276110 0.037820 0.009381
0 0.399333 0.281739 0.097887 0.016886
0 0.693548 0.292370 0.054505 0.010632
0 0.794216 0.294559 0.051168 0.018762
0 0.552280 0.325203 0.143493 0.087555
0 0.214127 0.331144 0.094549 0.021889
0 0.747497 0.369919 0.095662 0.054409
0 0.890434 0.374296 0.027809 0.010632
0 0.106785 0.378674 0.040044 0.043152
0 0.516129 0.393996 0.028921 0.016260
0 0.710234 0.398687 0.067853 0.021889
0 0.755284 0.426204 0.093437 0.065666
0 0.422136 0.455597 0.018910 0.015635
0 0.695217 0.455597 0.044494 0.010632
0 0.798109 0.460288 0.034483 0.031270
0 0.416018 0.502189 0.055617 0.018762
0 0.384316 0.504378 0.045606 0.010632
0 0.515573 0.506879 0.030033 0.024390
0 0.710234 0.516573 0.043382 0.025016
0 0.563404 0.533771 0.087875 0.054409
0 0.323693 0.559725 0.077864 0.043777
0 0.418242 0.560038 0.022247 0.021889
0 0.691324 0.563477 0.136819 0.025016
0 0.517241 0.567230 0.055617 0.025016
0 0.575083 0.584740 0.075640 0.073796
0 0.515573 0.589118 0.016685 0.028768
0 0.235261 0.594747 0.152392 0.087555
0 0.696329 0.611945 0.077864 0.028143
0 0.751947 0.636961 0.091212 0.056911
0 0.365406 0.645403 0.096774 0.053784
0 0.312013 0.671670 0.038932 0.033771
0 0.104561 0.682614 0.040044 0.030644
0 0.751947 0.693558 0.093437 0.063790
0 0.570634 0.695747 0.066741 0.058161
0 0.368743 0.703565 0.087875 0.067542
0 0.750834 0.750469 0.091212 0.056285
0 0.848165 0.753909 0.103448 0.046904
0 0.557842 0.755159 0.096774 0.063164
0 0.459956 0.757036 0.103448 0.064415
0 0.656841 0.757036 0.103448 0.053158
0 0.370412 0.761101 0.091212 0.061288
0 0.848165 0.803002 0.101224 0.057536
0 0.753059 0.804253 0.095662 0.057536
0 0.653504 0.807067 0.101224 0.059412
0 0.557286 0.811132 0.097887 0.058787
0 0.098443 0.853346 0.027809 0.028143
0 0.748610 0.858036 0.091212 0.060038
0 0.572859 0.864916 0.071190 0.056285
0 0.879310 0.878987 0.038932 0.019387
0 0.571190 0.924328 0.067853 0.068793
0 0.438821 0.936836 0.045606 0.070044
0 0.372636 0.940275 0.095662 0.074422
1 0.049499 0.262351 0.098999 0.126954